int
0
0
2107
0
3620
2057
3862
2067
0
2116
2053
3858
2131
2101
3592
2091
2061
3658
2159
3588
2077
2099
3654
2073
2112
3651
2069
2122
3619
2048
2109
3587
3626
2155
2151
2147
2143
2139
2135
2127
2095
2087
6179
0
2099
3656
2067
2057
2108
3862
2131
3624
3621
3591
2104
3858
2091
2100
2053
2159
2060
2114
3651
2076
2121
3619
2072
3654
3595
2068
2117
3587
2050
2155
2151
2147
2143
2139
2135
2127
2095
2087
6179
0
2099
3652
2067
3625
2108
3862
3595
3620
2057
2131
2104
3858
2091
2100
2053
2159
2060
3658
3651
2076
2121
3619
2072
2114
3591
2068
2117
3587
2050
2155
2151
2147
2143
2139
2135
2127
2095
2087
6179
0
2099
3656
2067
2057
2108
3862
3623
2104
2053
2131
2100
3858
2091
2060
2121
2159
3592
2114
3651
2076
2117
3627
2072
3654
3619
2068
3589
3587
2050
2155
2151
2147
2143
2139
2135
2127
2095
2087
6179
0
3623
0
3616
2057
3654
2091
2080
3591
2053
3862
2076
2159
0
2121
3584
3858
2099
3657
2072
3651
2118
2109
2068
3627
3595
2060
2105
2064
2114
2128
2101
2155
2151
2050
2147
2143
2139
2135
2127
2095
6183
0
0
0
0
2056
2077
2062
2119
0
3620
0
2073
2070
2111
3592
0
0
3617
2082
2052
2107
0
3861
0
2048
3658
2103
3857
2131
2064
2091
3654
2113
2099
2120
2159
3651
3586
3627
3591
2155
2151
2147
2143
2139
2135
2127
2095
6183
0
2099
3652
3627
2057
2108
3862
2067
2104
2053
2131
2100
3858
2091
2060
2121
2159
3588
3658
3651
2076
3593
3623
2072
2114
3619
2068
2117
3587
2050
2155
2151
2147
2143
2139
2135
2127
2095
2087
6179
0
0
0
0
3624
2077
2062
2119
0
2056
0
2073
2070
2111
2052
0
0
3617
2082
3588
2107
0
3861
0
2048
3658
2103
3857
2131
2064
2091
3654
2113
2099
2120
2159
3651
3586
3623
3595
2155
2151
2147
2143
2139
2135
2127
2095
6183
0
2131
0
3616
2057
3658
3595
2080
2091
2053
3862
2076
2159
0
2121
3584
3858
2099
3653
2072
3651
2118
2109
2068
3623
3591
2060
2105
2064
2114
3624
2101
2155
2151
2050
2147
2143
2139
2135
2127
2095
6183
0
2099
2108
3655
2053
2104
3862
2067
2100
3621
2131
3624
3858
2091
2060
2121
2159
3592
2114
3659
2076
2117
3651
2072
2050
3619
2068
3589
3587
2058
2155
2151
2147
2143
2139
2135
2127
2095
2087
6179
0
2131
0
2100
2057
3622
2091
2068
3591
2053
3862
2076
2159
0
2121
3584
3858
2099
2109
2072
3659
2118
2105
2084
3619
3595
2060
3649
2064
2114
3652
3625
2155
2151
2050
2147
2143
2139
2135
2127
2095
6179
0
0
0
0
3860
3625
2062
2055
0
3856
0
3621
2078
2111
2120
0
0
2085
2074
2116
2107
0
0
3593
2112
2070
2103
0
2131
2048
2065
3654
2091
0
2056
2099
3585
3650
2159
3659
3619
3591
2155
2151
2147
2143
2139
2135
2127
2095
6179
0
2067
0
2068
2057
3590
3655
3616
2131
2053
3862
3592
3623
0
2121
2084
3858
2091
2101
2080
2159
2118
2077
2108
2099
3659
3649
2104
2114
3627
2060
2073
3587
2050
2155
2151
2147
2143
2139
2135
2127
6191
0
3623
0
2067
2056
3617
3862
3591
0
2084
2109
3858
2159
0
2080
2105
2070
2135
0
2076
3585
2122
2131
3659
2072
2101
3650
2060
3627
2088
2053
3652
2118
2096
3595
2049
2155
2114
2151
2147
2143
2139
2127
6191
0
0
0
0
2115
0
2068
2085
2062
2111
0
0
3861
3620
2107
2082
0
3857
0
2103
3616
2135
2057
2078
2131
0
2091
3592
2053
2159
2074
2099
3659
2049
2064
3627
3591
3654
2121
2155
2151
3584
2147
2117
3650
2143
2139
2127
6191
0
0
0
0
2052
2085
3626
2063
0
2048
3861
0
2070
2108
2083
3857
0
2104
3618
0
2121
2100
2079
2128
3594
2088
2117
2096
2075
2156
3656
3620
3584
2152
2148
2144
2140
2136
2132
2124
2092
2113
3590
3655
0
0
2057
0
2066
7747
0
0
0
0
2115
0
3624
2085
2062
2111
0
0
3861
2068
2107
2082
0
3857
0
2103
3616
2135
2057
2078
2131
0
2091
2064
2053
2159
2074
2099
3659
2049
3588
3623
3595
3654
2121
2155
2151
3584
2147
2117
3650
2143
2139
2127
6191
0
0
0
0
2115
0
3624
2085
2062
2111
0
0
3861
2068
2107
2082
0
3857
0
2103
3616
2135
2057
2078
2131
0
2091
3592
2053
2159
2074
2099
3659
2049
2064
3623
3591
3654
2121
2155
2151
3584
2147
2117
3650
2143
2139
2127
6191
0
3659
2108
2099
3625
2104
3862
2067
2100
2053
2131
3620
3858
2091
2060
2121
2159
3588
2114
3655
2076
3593
3651
2072
2050
3619
2068
2117
3587
2058
2155
2151
2147
2143
2139
2135
2127
2095
2087
6179
0
0
0
0
3860
3625
2062
2055
0
3856
0
3621
2078
2111
2120
0
0
2085
2074
2116
2107
0
0
2065
2112
3658
2103
0
2131
2048
3589
2070
2091
0
2056
2099
3585
3650
2159
3655
3619
3595
2155
2151
2147
2143
2139
2135
2127
2095
6179
0
2131
0
2100
2057
3626
3595
2068
2091
2053
3862
2076
2159
0
2121
3584
3858
2099
2109
2072
3655
2118
2105
2084
3619
3591
2060
3649
3656
2114
2064
3621
2155
2151
2050
2147
2143
2139
2135
2127
2095
6179
0
0
0
0
2052
2085
2070
2063
0
2048
3861
0
3622
2108
2083
3857
0
2104
3618
0
2121
2100
2079
2128
3594
2088
2117
2096
3659
2156
3652
3624
3584
2152
2148
2144
2140
2136
2132
2124
2092
2113
3590
2075
0
0
2057
0
2066
7747
0
0
0
0
2115
0
2068
2085
2062
2111
0
0
3861
3620
2107
2082
0
3857
0
2103
3616
2135
2057
2078
2131
0
2091
2064
2053
2159
3658
2099
3655
2049
3588
3627
3595
2074
2121
2155
2151
3584
2147
2117
3650
2143
2139
2127
6191
0
0
0
0
2115
0
2068
2085
2062
2111
0
0
3861
3620
2107
2082
0
3857
0
2103
3616
2135
2057
2078
2131
0
2091
3592
2053
2159
3658
2099
3655
2049
2064
3627
3591
2074
2121
2155
2151
3584
2147
2117
3650
2143
2139
2127
6191
0
3659
0
2068
2057
3594
2067
3616
3627
2053
3862
3588
2131
0
2121
2084
3858
2091
2101
2080
2159
2118
2077
2108
2099
3655
3649
2104
2114
3623
2060
2073
3587
2050
2155
2151
2147
2143
2139
2135
2127
6191
0
0
0
0
2115
0
3624
2085
2062
2111
0
0
3861
2068
2107
2082
0
3857
0
2103
3616
2135
2057
2078
2131
0
2091
2064
2053
2159
3658
2099
3655
2049
3588
3623
3595
2074
2121
2155
2151
3584
2147
2117
3650
2143
2139
2127
6191
0
2099
0
3595
2056
3617
3862
2067
0
2084
2109
3858
2159
0
2080
2105
2070
2135
0
2076
3585
2122
2131
3655
2072
2101
3650
2060
3623
3656
2053
2088
2118
3624
3591
2049
2155
2114
2151
2147
2143
2139
2127
6191
0
0
0
0
2052
2113
3862
2075
0
2048
3617
3858
2135
0
2056
2109
2070
2091
0
2084
2105
2122
2063
3659
2080
3585
3650
3655
3627
2076
2101
2118
3623
3595
3591
2159
2155
2151
2147
2143
2139
2131
2127
2099
2095
6163
0
0
0
0
0
0
0
2068
3862
3621
2123
0
0
0
0
2144
3858
0
2119
3589
0
0
0
2052
2110
0
2115
0
0
3657
2063
2136
2106
2099
0
2067
0
2131
0
2048
3653
2102
2159
0
2091
3651
3619
2056
3587
2074
3593
2151
2143
2135
2127
2076
2095
2154
2087
2083
7721
0
0
0
0
0
0
0
2056
2153
3626
3623
0
0
0
0
2076
2069
2114
0
0
3655
0
0
2120
2145
2110
2060
0
2088
3863
2096
0
2064
2053
3588
2106
2128
3859
2156
3648
3616
3592
3584
2148
2140
2132
2124
2092
2084
2080
2137
2102
3659
0
0
0
0
0
2049
2074
6215
0
0
0
0
0
0
0
2056
2153
3622
3659
0
0
0
0
2076
2069
2114
0
0
3627
0
0
2120
2145
2110
2060
0
2088
3863
2096
0
3592
2053
2064
2106
2128
3859
2156
3648
3616
3588
3584
2148
2140
2132
2124
2092
2084
2080
2137
2102
3655
0
0
0
0
0
2049
2074
6215
0
0
0
0
0
0
0
2056
2153
2114
3591
0
0
0
0
2076
2069
2110
0
0
3655
0
0
2120
2145
2106
2060
0
2088
3863
2096
0
3620
2053
2064
3594
2128
3859
2156
3648
3624
3616
3584
2148
2140
2132
2124
2092
2084
2080
2137
2102
3659
0
0
0
0
0
2049
2074
6215
0
0
0
0
0
0
0
0
2076
2153
2106
3655
0
0
0
0
0
2072
2049
3618
3863
0
0
0
0
0
2120
2145
2102
3859
0
0
0
0
0
2116
2057
2070
2060
3659
2096
0
2064
0
3620
2137
2128
3586
3588
2115
2156
0
2088
3648
3624
3592
2148
2140
2132
2124
2092
2084
2081
2054
6207
0
0
0
0
0
0
0
0
2122
0
2068
2053
2063
0
0
0
0
2154
0
0
0
3620
2049
3863
0
0
2118
0
0
0
0
0
3616
2081
3859
2146
0
0
0
0
0
0
0
3592
2077
2114
3659
0
0
0
0
0
0
2109
2064
2138
0
2130
3655
2090
0
2098
2105
2158
3650
3584
3626
3590
2150
2142
2134
2101
2126
2094
2086
2075
6152
0
0
0
0
0
0
0
2056
2153
2114
3659
0
0
0
0
2076
2069
2110
0
0
3595
0
0
2120
2145
2106
2060
0
2088
3863
3624
0
2096
2053
2064
3590
2128
3859
2156
3648
3620
3616
3584
2148
2140
2132
2124
2092
2084
2080
2137
2102
3655
0
0
0
0
0
2049
2074
6215
0
0
0
0
0
0
0
0
2122
0
3624
2053
2063
0
0
0
0
2154
0
0
0
2068
2049
3863
0
0
2118
0
0
0
0
0
3616
2081
3859
2146
0
0
0
0
0
0
0
2064
2077
2114
3659
0
0
0
0
0
0
2109
3588
2138
0
2130
3655
2090
0
2098
2105
2158
3650
3584
3622
3594
2150
2142
2134
2101
2126
2094
2086
2075
6152
0
0
0
0
0
0
0
0
2076
2153
2106
3659
0
0
0
0
0
2072
2049
3618
3863
0
0
0
0
0
2120
2145
2102
3859
0
0
0
0
0
2116
2057
2070
2060
3655
2096
0
3624
0
2064
2137
3592
3586
2128
2115
2156
0
2088
3648
3620
3588
2148
2140
2132
2124
2092
2084
2081
2054
6207
0
0
0
0
0
0
0
2056
2153
2110
3623
0
0
0
0
2076
2069
3626
0
0
3591
0
0
2120
2145
2106
2060
0
2088
3863
3652
0
2096
2053
2064
3594
2128
3859
2156
3656
3648
3616
3584
2148
2140
2132
2124
2092
2084
2080
2137
2102
2119
0
0
0
0
0
2049
2074
6211
0
0
0
0
0
0
0
0
2076
2153
3626
3623
0
0
0
0
0
2072
2049
2106
3863
0
0
0
0
0
2120
2145
2102
3859
0
0
0
0
0
2116
2085
2070
2060
2115
2096
0
3652
0
2064
2137
2128
3586
3588
2111
2156
0
2088
3656
3616
3592
2148
2140
2132
2124
2092
2080
2057
2054
7747
0
0
0
0
0
0
0
0
2155
0
2072
2057
3862
0
0
0
0
2119
0
0
0
2068
3593
3858
0
0
2147
0
0
0
0
0
2064
2053
2062
2115
0
0
0
0
0
2108
0
0
3585
3654
2139
0
2131
0
2104
2091
0
2099
0
2085
3650
2159
3659
2100
3619
3591
2151
2143
2135
2127
2049
3626
2120
2095
2083
0
0
0
0
0
0
2077
7718
0
0
0
0
0
0
0
0
2084
2101
2122
3591
0
0
0
0
0
2144
2053
2118
3863
0
0
0
0
0
2080
3617
2114
3859
0
2062
0
2098
0
2136
3593
3654
2111
2066
0
3622
0
2130
2076
2049
2158
2107
2090
3658
3626
3586
2150
2072
2057
2142
2134
2126
2094
3651
0
0
2068
6249
0
0
0
0
0
0
0
0
0
2072
2153
2102
3863
0
0
0
0
0
0
2068
2085
3618
3859
0
0
0
0
0
0
2120
2145
2054
2115
0
0
0
0
0
0
2116
2081
2050
2060
2111
2132
0
3652
0
2128
0
3620
2137
2088
3586
3588
3651
2156
0
2096
0
2064
3656
3624
3592
2148
2140
2124
2092
2077
2058
6203
0
0
0
0
0
0
0
0
0
2123
0
2076
3621
2062
0
0
0
0
0
2155
0
0
0
2072
3617
3862
0
0
0
2119
0
0
0
0
0
2068
3593
3858
0
2147
0
0
0
0
0
0
0
2064
2049
2058
2115
0
0
0
0
0
0
2108
0
0
3585
3654
2139
0
2099
0
2135
2104
2131
0
2159
0
2085
3650
2091
3659
3627
2100
3591
2151
2143
2127
2095
0
2081
6150
0
0
0
0
0
0
0
0
2123
0
2052
2077
2062
0
0
0
0
2155
0
0
0
3616
2073
3862
0
0
2119
0
0
0
0
0
3592
2069
3858
2147
0
0
0
0
0
0
0
3588
2065
2058
2115
0
0
0
0
0
0
2109
2048
2139
3654
2131
0
2091
0
2099
2105
2159
3659
2084
3623
3650
3587
2151
2143
2101
2135
2127
2095
0
2080
0
7722
0
0
0
0
0
0
0
0
0
2123
0
2076
2053
2062
0
0
0
0
0
2155
0
0
0
2072
3617
3862
0
0
0
2119
0
0
0
0
0
2068
2049
3858
0
2147
0
0
0
0
0
0
0
2064
3589
2058
2115
0
0
0
0
0
0
2108
0
0
3585
3654
2139
0
2099
0
2135
2104
2131
0
2159
0
2085
3650
2091
3659
3623
2100
3595
2151
2143
2127
2095
0
2081
7722
0
0
0
0
0
0
0
0
0
2123
0
2076
2053
2062
0
0
0
0
0
2155
0
0
0
2072
3617
3862
0
0
0
2119
0
0
0
0
0
2068
3593
3858
0
2147
0
0
0
0
0
0
0
2064
2049
2058
2115
0
0
0
0
0
0
2108
0
0
3585
3654
2139
0
2099
0
2135
2104
2131
0
2159
0
2085
3650
2091
3659
3623
2100
3591
2151
2143
2127
2095
0
2081
7722
0
0
0
0
0
0
0
2056
2153
2110
3595
0
0
0
0
2076
2069
3622
0
0
3627
0
0
2120
2145
2106
2060
0
3656
3863
2088
0
2096
2053
2064
3590
2128
3859
2156
3652
3648
3616
3584
2148
2140
2132
2124
2092
2084
2080
2137
2102
2119
0
0
0
0
0
2049
2074
6211
0
0
0
0
0
0
0
0
2155
0
2072
2057
3862
0
0
0
0
2119
0
0
0
2068
2053
3858
0
0
2147
0
0
0
0
0
2064
3589
3658
2115
0
0
0
0
0
2108
0
0
3585
2062
2139
0
2131
0
2104
2091
0
2099
0
2085
3650
2159
3655
2100
3619
3595
2151
2143
2135
2127
2049
3626
2120
2095
2083
0
0
0
0
0
0
2077
7718
0
0
0
0
0
0
0
0
2076
2153
3622
3627
0
0
0
0
0
2072
2049
2106
3863
0
0
0
0
0
2120
2145
2102
3859
0
0
0
0
0
2116
2085
2070
2060
2115
3656
0
2096
0
2064
2137
3592
3586
2128
2111
2156
0
2088
3652
3616
3588
2148
2140
2132
2124
2092
2080
2057
2054
7747
0
0
0
0
0
0
0
0
2123
0
3620
2077
2062
0
0
0
0
2155
0
0
0
3616
2073
3862
0
0
2119
0
0
0
0
0
3592
2069
3858
2147
0
0
0
0
0
0
0
3588
2065
3658
2115
0
0
0
0
0
0
2109
2048
2139
2058
2131
0
2091
0
2099
2105
2159
3655
2084
3627
3650
3587
2151
2143
2101
2135
2127
2095
0
2080
0
6150
0
0
0
0
0
0
0
0
0
2123
0
2076
3621
2062
0
0
0
0
0
2155
0
0
0
2072
3617
3862
0
0
0
2119
0
0
0
0
0
2068
2049
3858
0
2147
0
0
0
0
0
0
0
2064
3589
3658
2115
0
0
0
0
0
0
2108
0
0
3585
2058
2139
0
2099
0
2135
2104
2131
0
2159
0
2085
3650
2091
3655
3627
2100
3595
2151
2143
2127
2095
0
2081
6150
0
0
0
0
0
0
0
0
0
2123
0
2076
3621
2062
0
0
0
0
0
2155
0
0
0
2072
3617
3862
0
0
0
2119
0
0
0
0
0
2068
3593
3858
0
2147
0
0
0
0
0
0
0
2064
2049
3658
2115
0
0
0
0
0
0
2108
0
0
3585
2058
2139
0
2099
0
2135
2104
2131
0
2159
0
2085
3650
2091
3655
3627
2100
3591
2151
2143
2127
2095
0
2081
6150
0
0
0
0
0
0
0
0
2084
2101
2122
3595
0
0
0
0
0
2144
2053
2118
3863
0
0
0
0
0
2080
3617
2114
3859
0
2062
0
3658
0
2136
3589
2098
2111
3626
0
2066
0
2130
2076
2049
2158
2107
2090
3654
3622
3586
2150
2072
2057
2142
2134
2126
2094
3651
0
0
2068
6249
0
0
0
0
0
0
0
0
0
2123
0
2076
2053
2062
0
0
0
0
0
2155
0
0
0
2072
3617
3862
0
0
0
2119
0
0
0
0
0
2068
2049
3858
0
2147
0
0
0
0
0
0
0
2064
3589
3658
2115
0
0
0
0
0
0
2108
0
0
3585
2058
2139
0
2099
0
2135
2104
2131
0
2159
0
2085
3650
2091
3655
3623
2100
3595
2151
2143
2127
2095
0
2081
7722
0
0
0
0
0
0
0
0
0
2072
2153
2102
3863
0
0
0
0
0
0
2068
2085
3618
3859
0
0
0
0
0
0
2120
2145
2054
2115
0
0
0
0
0
0
2116
2081
2050
2060
2111
3656
0
2132
0
3624
0
2128
2137
3592
3586
2088
3651
2156
0
2096
0
2064
3652
3620
3588
2148
2140
2124
2092
2077
2058
6203
0
0
0
0
0
0
0
0
0
2152
2101
3862
2075
0
0
0
0
0
0
2084
3617
3858
2071
0
0
0
0
0
0
2144
2053
2114
2123
0
0
0
0
0
0
2080
2049
2110
2119
0
2135
0
2091
0
2063
2136
3585
3650
3659
3655
3627
3623
3595
3591
2159
2076
2057
2106
2151
2143
2131
2127
2099
2095
6163
0
0
0
0
0
0
0
0
0
0
0
0
0
0
0
0
0
0
0
0
0
0
0
0
0
0
0
0
0
0
0
0
0
0
0
0
0
0
0
0
0
0
0
0
0
0
0
0
0
0
0
0
0
0
0
0
0
0
0
0
0
0
0
0
0
0
0
0
0
0
0
0
0
0
0
0
0
0
0
0
0
0
0
0
0
0
0
0
0
0
0
0
0
0
0
0
0
0
0
0
0
0
0
0
0
0
0
0
0
0
0
0
0
0
0
0
0
0
0
0
0
0
0
0
0
0
0
0
0
0
0
0
0
0
0
0
0
0
0
0
0
0
0
0
0
0
0
0
0
0
0
0
0
0
0
0
0
0
0
0
0
0
0
0
0
0
0
0
0
0
0
0
0
0
0
0
0
0
0
0
0
0
0
0
0
0
0
0
0
0
0
0
0
0
0
0
0
0
0
0
0
0
0
0
0
0
0
0
0
0
0
0
0
0
0
0
0
0
0
0
0
0
0
0
0
0
0
0
0
0
0
0
0
0
0
0
0
0
0
0
0
0
0
0
0
0
0
0
0
0
0
0
0
0
0
0
0
0
0
0
0
0
0
0
0
0
0
0
0
0
0
0
0
0
0
0
0
0
0
0
0
0
0
0
0
0
0
0
0
0
0
0
0
0
0
0
0
0
0
0
0
0
0
0
0
0
0
0
0
0
0
0
0
0
0
0
0
0
0
0
0
0
0
0
0
0
0
0
0
0
0
0
0
0
0
0
0
0
0
0
0
0
0
0
0
0
0
0
0
0
0
0
0
0
0
0
0
0
0
0
0
0
0
0
0
0
0
0
0
0
0
0
0
0
0
0
0
0
0
0
0
0
0
0
0
0
0
0
0
0
0
0
0
0
0
0
0
0
0
0
0
0
0
0
0
0
0
0
0
0
0
0
0
0
0
0
0
0
0
0
0
0
0
0
0
0
0
0
0
0
0
0
0
0
0
0
0
0
0
0
0
0
0
0
0
0
0
0
0
0
0
0
0
0
0
0
0
0
0
0
0
0
0
0
0
0
0
0
0
0
0
0
0
0
0
0
0
0
0
0
0
0
0
0
0
0
0
0
0
0
0
0
0
0
0
0
0
0
0
0
0
0
0
0
0
0
0
0
0
0
0
0
0
0
0
0
0
0
0
0
0
0
0
0
0
0
0
0
0
0
0
0
0
0
0
0
0
0
0
0
0
0
0
0
0
0
0
0
0
0
0
0
0
0
0
0
0
0
0
0
0
0
0
0
0
0
0
0
0
0
0
0
0
0
0
0
0
0
0
0
0
0
0
0
0
0
0
0
0
0
0
0
0
0
0
0
0
0
0
0
0
0
0
0
0
0
0
0
0
0
0
0
0
0
0
0
0
0
0
0
0
0
0
0
0
0
0
0
0
0
0
0
0
0
0
0
0
0
0
0
0
0
0
0
0
0
0
0
0
0
0
0
0
0
0
0
0
0
0
0
0
0
0
0
0
0
0
0
0
0
0
0
0
0
0
0
0
0
0
0
0
0
0
0
0
0
0
0
0
0
0
0
0
0
0
0
0
0
0
0
0
0
0
0
0
0
0
0
0
0
0
0
0
0
0
0
0
0
0
0
0
0
0
0
0
0
0
0
0
0
0
0
0
0
0
0
0
0
0
0
0
0
0
0
0
0
0
0
0
0
0
0
0
0
0
0
0
0
0
0
0
0
0
0
0
0
0
0
0
0
0
0
0
0
0
0
0
0
0
0
0
0
0
0
0
0
0
0
0
0
0
0
0
0
0
0
0
0
0
0
0
0
0
0
0
0
0
0
0
0
0
0
0
0
0
0
0
0
0
0
0
