int
2147
2143
2139
2135
2052
3625
2112
3862
2108
2131
2072
3621
2100
3858
2096
2127
2120
2057
2092
3648
3616
3584
2156
2152
2148
3593
3658
2119
2107
2091
3589
3654
2087
2083
2079
2071
2050
2067
6159
2155
2112
2151
2108
2053
3588
3862
2072
3621
2100
2147
2096
3653
2120
3648
3616
3592
3584
2156
3657
3858
2093
2143
3625
2139
2050
2135
2131
2127
2119
2058
2107
2091
2087
2083
2079
2071
2067
6159
2155
2112
2151
3592
2053
2108
3862
2072
3657
2100
2147
2096
3625
2120
3648
3616
3588
3584
2156
3653
3858
2093
2143
3621
2139
2050
2135
2131
2127
2119
2058
2107
2091
2087
2083
2079
2071
2067
6159
2155
3620
2151
2108
2053
3592
3862
2072
3589
2100
2147
2096
3653
2120
3648
3624
3616
3584
2156
3657
3858
2093
2143
2113
2139
2050
2135
2131
2127
2119
2058
2107
2091
2087
2083
2079
2071
2067
6159
3627
3595
2120
2159
2049
3584
3862
2116
3657
2072
2155
3620
2077
2104
3858
3588
2113
2100
2151
2096
2065
2092
3648
3617
2058
2147
2061
2143
2139
3654
2135
2131
2127
2111
2054
2091
2087
2083
6167
0
2099
0
2119
2072
2053
3658
2095
0
2048
3621
2107
3654
3651
2064
3617
3627
3862
3591
2060
3593
2159
2120
3858
2155
2112
2077
2100
2058
2151
2147
3585
2143
2139
2135
2131
2127
2111
2091
2087
2083
6167
2155
2112
2151
2108
2053
3588
3862
2072
3657
2100
2147
2096
3593
2120
3648
3620
3616
3584
2156
3653
3858
2093
2143
3625
2139
2050
2135
2131
2127
2119
2058
2107
2091
2087
2083
2079
2071
2067
6159
0
2099
0
2119
2072
3625
3658
2095
0
2048
2053
2107
3654
3651
2064
3617
3623
3862
3595
2060
2077
2159
2120
3858
2155
2112
3589
2100
2058
2151
2147
3585
2143
2139
2135
2131
2127
2111
2091
2087
2083
6167
3623
3591
2120
2159
2049
3584
3862
2116
3653
3624
2155
2072
2077
3592
3858
2104
2113
2100
2151
2096
2065
2092
3648
3617
3658
2147
2061
2143
2139
2058
2135
2131
2127
2111
2054
2091
2087
2083
6167
2155
3624
2151
2108
2053
3592
3862
2072
3621
2100
2147
2096
3589
2120
3656
3648
3616
3584
2156
2093
3858
3653
2143
2113
2139
2050
2135
2131
2127
2119
2058
2107
2091
2087
2083
2079
2071
2067
6159
0
2127
2112
3659
2057
3584
3862
2081
2108
3619
2072
2069
3652
3858
2104
3649
2100
3595
3588
3625
2096
3622
2092
2121
2159
2155
2061
2054
2151
2147
2143
2139
2050
2135
2131
2119
2091
2087
2079
6163
0
0
2115
0
2072
3653
3622
2099
0
2068
3649
2127
3626
2095
2048
2081
2107
3862
2103
2060
3593
3659
3858
2108
3619
2053
2120
2058
3591
2159
3585
2155
2151
2147
2143
2139
2135
2131
2119
2091
2087
2079
6163
0
2095
3592
2127
3589
2064
3862
2121
2068
3659
2077
2080
3858
2116
3649
3652
3627
2072
2113
3620
2054
2100
2109
2096
3587
3617
2050
2159
2155
2151
2147
2058
2143
2139
2135
2131
2107
2091
2087
6159
0
2127
0
2119
2056
2049
3862
2147
2112
3659
3617
3858
2120
3627
3595
2104
2069
2072
2054
3652
2159
2100
2065
3620
2082
2096
2155
3588
3585
2092
3650
2151
2143
2061
2139
2078
2135
2131
2111
2091
6183
0
0
0
2123
0
0
2068
3585
2082
2115
0
0
2107
3620
2061
2078
2119
0
2095
3861
3616
2103
2074
2159
3857
2099
0
3592
2127
2049
3654
2147
3659
3627
2064
2057
3591
3650
2155
2151
2053
2143
2139
2135
2131
2111
2091
6183
0
0
2123
0
2048
3653
3594
2115
0
2056
3649
2099
3590
2127
2052
3625
2119
3862
2095
2080
2069
2103
3858
3659
2076
3617
3623
2074
2108
3587
2065
2159
2155
2151
2147
2143
2139
2135
2131
2107
2091
2087
6159
0
0
0
2123
0
0
3624
3585
2082
2115
0
0
2107
2068
2061
2078
2147
0
2119
3861
3616
2095
2074
2103
3857
2099
0
2064
2127
2049
3654
3659
3623
3595
3588
2057
2159
3650
2155
2151
2053
2143
2139
2135
2131
2111
2091
6183
0
0
0
2123
0
0
3624
3585
2082
2115
0
0
2107
2068
2061
2078
2147
0
2119
3861
3616
2095
2074
2103
3857
2099
0
3592
2127
2049
3654
3659
3623
3591
2064
2057
2159
3650
2155
2151
2053
2143
2139
2135
2131
2111
2091
6183
2155
3620
2151
2108
2053
3588
3862
2072
3593
2100
2147
2096
3625
2120
3652
3648
3616
3584
2156
3657
3858
2093
2143
2113
2139
2050
2135
2131
2127
2119
2058
2107
2091
2087
2083
2079
2071
2067
6159
0
0
2115
0
2072
2057
3622
2099
0
2068
3649
2127
3626
2095
2048
2081
2107
3862
2103
2060
2053
3655
3858
2108
3619
3589
2120
3658
3595
2159
3585
2155
2151
2147
2143
2139
2135
2131
2119
2091
2087
2079
6163
0
2127
2112
3655
3625
3584
3862
2081
2108
3619
3656
2069
2072
3858
2104
3649
3592
3591
2100
3621
2096
2058
2092
2121
2159
2155
2061
2054
2151
2147
2143
2139
2050
2135
2131
2119
2091
2087
2079
6163
0
0
2123
0
2048
2073
3594
2115
0
2056
3649
2099
3590
2127
2052
2069
2119
3862
2095
2080
3621
2103
3858
3655
2076
3617
3627
3658
2108
3587
2065
2159
2155
2151
2147
2143
2139
2135
2131
2107
2091
2087
6159
0
0
0
2123
0
0
2068
3585
2082
2115
0
0
2107
3620
2061
2078
2147
0
2119
3861
3616
2095
3658
2103
3857
2099
0
2064
2127
2049
2074
3655
3627
3595
3588
2057
2159
3650
2155
2151
2053
2143
2139
2135
2131
2111
2091
6183
0
0
0
2123
0
0
2068
3585
2082
2115
0
0
2107
3620
2061
2078
2147
0
2119
3861
3616
2095
3658
2103
3857
2099
0
3592
2127
2049
2074
3655
3627
3591
2064
2057
2159
3650
2155
2151
2053
2143
2139
2135
2131
2111
2091
6183
0
2095
3588
2127
2057
2064
3862
2121
2068
3655
2077
2080
3858
3656
3649
2116
3623
3624
2113
2072
2054
2100
2109
2096
3587
3617
2050
2159
2155
2151
2147
3594
2143
2139
2135
2131
2107
2091
2087
6159
0
0
0
2123
0
0
3624
3585
2082
2115
0
0
2107
2068
2061
2078
2119
0
2095
3861
3616
2103
3658
2159
3857
2099
0
2064
2127
2049
2074
2147
3655
3623
3588
2057
3595
3650
2155
2151
2053
2143
2139
2135
2131
2111
2091
6183
0
2127
0
2119
2056
2049
3862
2147
2112
3655
3617
3858
2120
3623
3591
2104
2069
3656
2054
2072
2159
3624
2065
2100
2082
3592
2155
2096
3585
2092
3650
2151
2143
2061
2139
2078
2135
2131
2111
2091
6183
0
2103
0
2099
3584
2077
3862
2127
0
2060
2049
3858
2147
0
2056
3617
2054
2119
2112
2095
2069
2082
2120
3659
3655
2104
2065
3650
3627
3623
3595
3591
2159
2155
2151
2143
2139
2135
2131
2111
2091
2087
6171
0
0
0
0
2058
0
2084
0
3593
2122
3863
0
0
2068
2110
0
0
3625
2114
0
2064
2126
3859
2142
0
2098
3621
2060
2094
0
2074
3659
2052
2118
0
3589
2106
2048
2102
3650
3618
3586
2089
2158
2154
2150
2146
2138
2134
2130
2082
2078
7751
0
0
0
2123
0
0
2084
3657
2127
3862
2103
0
2143
2068
2065
2099
0
3591
2048
3858
2095
3625
2075
2056
2119
0
2107
3651
2052
2061
3622
3619
2108
3595
3587
2159
2112
2089
2155
3654
2151
2147
2139
2135
2131
2083
6175
0
0
0
2123
0
0
2084
3653
2127
3862
2103
0
2143
2068
2065
3595
0
2099
2048
3858
2095
3621
2075
2056
2119
0
2107
3651
2052
2061
3658
3619
2108
3591
3587
2159
2112
2089
2155
3626
2151
2147
2139
2135
2131
2083
6175
0
0
0
2123
0
0
3592
3657
2127
3862
2103
0
2143
2068
2065
3623
0
2099
2048
3858
2095
2061
2075
2056
2119
0
2107
3651
2052
2089
3590
3627
2108
3619
3587
2159
2112
2085
2155
3654
2151
2147
2139
2135
2131
2083
6175
0
0
0
0
2123
0
3616
2085
2107
0
3862
2127
0
3584
2119
2069
2095
0
2075
0
2076
3858
3623
2065
2143
2052
3591
0
2103
0
2112
2061
3654
2099
3651
2048
3627
3595
2159
2089
2056
3658
2155
2151
2147
2139
2135
2131
2111
6179
0
0
0
0
2055
0
0
0
0
2088
2061
2123
3862
0
0
0
2051
0
0
2084
3621
2115
0
0
2119
3858
0
2107
2076
0
2073
2127
0
2095
0
3658
2103
3584
2099
0
3593
2143
3651
3627
3591
3654
3616
2159
2155
2151
2069
2056
2147
2139
2135
2066
2131
2111
6179
0
0
0
2123
0
0
3588
3653
2127
3862
2103
0
3627
2068
2065
2143
0
2099
2048
3858
2095
2061
2075
2056
2119
0
2107
3651
2052
2089
3658
3623
2108
3619
3587
2159
2112
2085
2155
3594
2151
2147
2139
2135
2131
2083
6175
0
0
0
0
2055
0
0
0
0
2088
3625
2123
3862
0
0
0
2051
0
0
2084
2061
2115
0
0
2119
3858
0
2107
2076
0
2073
2127
0
2095
0
3658
2103
3584
2099
0
2069
2143
3651
3623
3595
3654
3616
2159
2155
2151
3589
2056
2147
2139
2135
2066
2131
2111
6179
0
0
0
0
2123
0
3616
2085
2107
0
3862
2127
0
3584
2119
2069
2095
0
3627
0
2076
3858
2075
2065
3595
2052
2143
0
2103
0
2112
2061
3658
2099
3651
2048
3623
3591
2159
2089
2056
3654
2155
2151
2147
2139
2135
2131
2111
6179
0
0
0
2123
0
0
3592
2065
2127
3862
2103
0
3655
2068
2061
2143
0
2099
2048
3858
2095
2089
2075
2056
2119
0
2107
3659
2052
3625
3622
3651
2108
3619
3587
2159
2112
2085
2155
3590
2151
2147
2139
2135
2131
2083
6175
0
0
0
0
2122
0
2080
2069
2110
0
3863
0
2126
3584
0
2065
2106
0
2102
0
3648
3654
3859
3625
2142
2052
2098
0
3590
0
2112
2061
2094
3623
2074
2048
2118
3658
3618
2089
2056
3594
2158
2154
2150
2146
2138
2134
2130
2078
6183
0
0
0
0
2058
0
0
0
0
2088
2114
3627
3861
0
0
2110
0
0
0
2084
2054
3623
0
0
0
3857
2050
0
2080
0
2126
2075
0
2106
0
2065
2094
3648
2118
0
2142
3595
2102
0
2098
3653
3584
3658
3618
3590
2158
2120
2154
2150
2146
2061
2138
2134
2130
2078
6167
0
0
0
0
2054
0
2076
2069
0
2122
3863
0
0
3616
2110
2065
0
0
2126
0
3648
2118
3859
2061
2102
0
3654
2080
2142
0
3622
2089
2048
2098
3591
2094
0
2112
2074
2085
2106
3658
2056
3626
3586
2158
2154
2150
2146
2138
2134
2130
7691
0
0
0
0
2057
0
0
0
2068
2053
3650
3863
0
2125
0
0
3584
2105
0
2082
2117
0
2145
3859
2064
3653
0
2141
2078
3621
2112
2101
2091
3589
0
2097
2120
2093
3618
2073
3657
2048
3625
3593
2157
2153
2149
2137
2133
2129
2109
2062
6183
0
0
0
0
0
2114
0
0
0
0
2068
2058
2063
3861
0
0
2054
0
0
0
0
3620
2050
2091
0
0
2106
3857
0
0
2126
0
3616
2118
2087
2146
0
2142
2073
2094
0
2158
0
3592
2102
2083
2098
3658
3626
3653
3590
2154
2150
2138
2064
2134
2130
2110
2079
0
3649
0
0
0
2123
7680
0
0
0
0
2115
0
0
0
0
2060
3625
2111
3862
0
0
0
2051
0
0
2088
2069
2059
0
0
0
3858
2127
0
0
2084
3617
2119
0
2095
0
2074
2107
0
2143
2080
3593
2103
0
2099
3659
3654
3623
3587
2159
2076
3589
2155
2151
2147
2120
3650
2139
2135
2131
2052
6161
0
0
0
0
0
2115
0
0
0
0
3624
2061
2059
3862
0
0
0
2055
0
0
0
2068
2089
2051
0
0
0
3858
2107
0
0
0
3616
2085
2127
0
0
2119
2074
2099
0
2147
0
2064
2081
2143
0
2095
0
3654
2103
3659
3623
3595
3588
2077
2159
2155
2151
2139
3650
2121
2135
2131
2111
7680
0
0
0
0
0
2122
0
0
0
0
3584
2114
3627
3861
0
0
2058
0
0
0
0
2072
2054
2063
0
0
0
3857
2050
0
0
0
2068
2106
3619
0
0
2126
2089
0
2118
0
2098
2064
2146
3595
2142
0
2094
3653
2102
3658
3622
2080
3590
2158
2154
2150
2138
2134
2085
2130
2110
3648
6175
0
0
0
2123
0
0
3588
2065
2127
3862
3659
0
2103
2068
2061
2143
0
2099
2048
3858
2095
2089
2075
2056
2119
0
2107
3655
2052
3621
3594
3651
2108
3619
3587
2159
2112
2085
2155
3626
2151
2147
2139
2135
2131
2083
6175
0
0
0
0
2058
0
0
0
0
2088
2114
3627
3861
0
0
2110
0
0
0
2084
2054
3623
0
0
0
3857
2050
0
2080
0
2126
2075
0
2106
0
3657
2094
3648
2118
0
2142
2071
2102
0
2098
2065
3584
3654
3618
3594
2158
2120
2154
2150
2146
2061
2138
2134
2130
2078
7687
0
0
0
0
2122
0
2080
2069
2110
0
3863
0
2126
3584
0
2065
2106
0
3658
0
3648
2102
3859
3621
2142
2052
3594
0
2098
0
2112
2061
2094
3627
2074
2048
2118
3654
3618
2089
2056
3590
2158
2154
2150
2146
2138
2134
2130
2078
6183
0
0
0
0
2115
0
0
0
0
2060
2069
2111
3862
0
0
0
2051
0
0
2088
3621
2059
0
0
0
3858
2127
0
0
2084
3617
2119
0
2095
0
3658
2107
0
2143
2080
3593
2103
0
2099
3655
2074
3627
3587
2159
2076
3589
2155
2151
2147
2120
3650
2139
2135
2131
2052
6161
0
0
0
0
0
2122
0
0
0
0
3584
2114
2063
3861
0
0
2058
0
0
0
0
2072
2054
3623
0
0
0
3857
2050
0
0
0
2068
2106
3619
0
0
2126
3657
0
2118
0
2098
2064
2146
2079
2142
0
2094
2089
2102
3654
3626
2080
3594
2158
2154
2150
2138
2134
2085
2130
2110
3648
7687
0
0
0
0
0
2115
0
0
0
0
2068
2061
2059
3862
0
0
0
2055
0
0
0
3620
2089
2051
0
0
0
3858
2107
0
0
0
3616
2085
2127
0
0
2119
3658
2099
0
2147
0
3592
2081
2143
0
2095
0
2074
2103
3655
3627
3591
2064
2077
2159
2155
2151
2139
3650
2121
2135
2131
2111
7680
0
0
0
0
2054
0
2076
2069
0
2122
3863
0
0
3616
2110
2065
0
0
2126
0
3648
2118
3859
2061
3658
0
2102
2080
3626
0
2142
2089
2048
2098
3595
2094
0
2112
2074
2085
2106
3654
2056
3622
3586
2158
2154
2150
2146
2138
2134
2130
7687
0
0
0
0
0
2114
0
0
0
0
3624
2058
2063
3861
0
0
2054
0
0
0
0
2068
2050
2091
0
0
2106
3857
0
0
2126
0
3616
2118
2087
2146
0
2142
3657
2094
0
2158
0
2064
2102
2083
2098
3654
3622
2073
3594
2154
2150
2138
3588
2134
2130
2110
2079
0
3649
0
0
0
2123
7680
0
0
0
0
2057
0
0
0
2068
2053
3650
3863
0
2125
0
0
3584
2105
0
2082
2117
0
3657
3859
2064
2145
0
3625
2078
2141
2112
3593
2091
2101
0
2097
2120
2093
3618
2073
3653
2048
3621
3589
2157
2153
2149
2137
2133
2129
2109
2062
6183
0
0
0
0
2058
0
0
0
2068
3649
2054
3863
0
0
2126
0
3584
0
2081
2106
0
0
2118
3859
2064
2142
0
2077
2094
0
2112
2102
2091
2098
0
2146
2120
3617
3658
3654
3626
2048
3622
3594
3590
2158
2061
2154
2150
2138
2134
2130
2110
2074
6183
0
0
0
0
0
0
0
0
0
0
0
0
0
0
0
0
0
0
0
0
0
0
0
0
0
0
0
0
0
0
0
0
0
0
0
0
0
0
0
0
0
0
0
0
0
0
0
0
0
0
0
0
0
0
0
0
0
0
0
0
0
0
0
0
0
0
0
0
0
0
0
0
0
0
0
0
0
0
0
0
0
0
0
0
0
0
0
0
0
0
0
0
0
0
0
0
0
0
0
0
0
0
0
0
0
0
0
0
0
0
0
0
0
0
0
0
0
0
0
0
0
0
0
0
0
0
0
0
0
0
0
0
0
0
0
0
0
0
0
0
0
0
0
0
0
0
0
0
0
0
0
0
0
0
0
0
0
0
0
0
0
0
0
0
0
0
0
0
0
0
0
0
0
0
0
0
0
0
0
0
0
0
0
0
0
0
0
0
0
0
0
0
0
0
0
0
0
0
0
0
0
0
0
0
0
0
0
0
0
0
0
0
0
0
0
0
0
0
0
0
0
0
0
0
0
0
0
0
0
0
0
0
0
0
0
0
0
0
0
0
0
0
0
0
0
0
0
0
0
0
0
0
0
0
0
0
0
0
0
0
0
0
0
0
0
0
0
0
0
0
0
0
0
0
0
0
0
0
0
0
0
0
0
0
0
0
0
0
0
0
0
0
0
0
0
0
0
0
0
0
0
0
0
0
0
0
0
0
0
0
0
0
0
0
0
0
0
0
0
0
0
0
0
0
0
0
0
0
0
0
0
0
0
0
0
0
0
0
0
0
0
0
0
0
0
0
0
0
0
0
0
0
0
0
0
0
0
0
0
0
0
0
0
0
0
0
0
0
0
0
0
0
0
0
0
0
0
0
0
0
0
0
0
0
0
0
0
0
0
0
0
0
0
0
0
0
0
0
0
0
0
0
0
0
0
0
0
0
0
0
0
0
0
0
0
0
0
0
0
0
0
0
0
0
0
0
0
0
0
0
0
0
0
0
0
0
0
0
0
0
0
0
0
0
0
0
0
0
0
0
0
0
0
0
0
0
0
0
0
0
0
0
0
0
0
0
0
0
0
0
0
0
0
0
0
0
0
0
0
0
0
0
0
0
0
0
0
0
0
0
0
0
0
0
0
0
0
0
0
0
0
0
0
0
0
0
0
0
0
0
0
0
0
0
0
0
0
0
0
0
0
0
0
0
0
0
0
0
0
0
0
0
0
0
0
0
0
0
0
0
0
0
0
0
0
0
0
0
0
0
0
0
0
0
0
0
0
0
0
0
0
0
0
0
0
0
0
0
0
0
0
0
0
0
0
0
0
0
0
0
0
0
0
0
0
0
0
0
0
0
0
0
0
0
0
0
0
0
0
0
0
0
0
0
0
0
0
0
0
0
0
0
0
0
0
0
0
0
0
0
0
0
0
0
0
0
0
0
0
0
0
0
0
0
0
0
0
0
0
0
0
0
0
0
0
0
0
0
0
0
0
0
0
0
0
0
0
0
0
0
0
0
0
0
0
0
0
0
0
0
0
0
0
0
0
0
0
0
0
0
0
0
0
0
0
0
0
0
0
0
0
0
0
0
0
0
0
0
0
0
0
0
0
0
0
0
0
0
0
0
0
0
0
0
0
0
0
0
0
0
0
0
0
0
0
0
0
0
0
0
0
0
0
0
0
0
0
0
0
0
0
0
0
0
0
0
0
0
0
0
0
0
0
0
0
0
0
0
0
0
0
0
0
0
0
0
0
0
0
0
0
0
0
0
0
0
0
0
0
0
0
0
0
0
0
0
0
0
0
0
0
0
0
0
0
0
0
0
0
0
0
0
0
0
0
0
0
0
0
0
0
0
0
0
0
0
0
0
0
0
0
0
0
0
0
0
0
0
0
0
0
0
0
0
0
0
0
0
0
0
0
0
0
0
0
0
0
0
0
0
0
0
0
0
0
0
0
0
0
0
0
0
0
0
0
0
0
0
0
0
0
0
0
0
0
0
0
0
0
0
0
0
0
0
0
0
0
0
0
0
0
0
0
0
0
0
0
0
0
0
0
0
0
0
0
0
0
0
0
0
0
0
0
0
0
0
0
0
0
0
0
0
0
0
0
0
0
0
0
0
0
0
0
0
0
0
0
0
0
0
0
0
0
0
0
0
0
0
0
0
0
0
0
0
0
0
0
0
0
0
0
0
0
0
0
0
0
0
0
0
0
0
0
0
0
0
0
0
0
0
0
0
0
0
0
0
0
0
0
0
0
0
0
0
0
0
0
0
0
0
0
0
0
0
0
0
0
0
0
0
0
0
0
0
0
0
0
0
0
0
0
0
0
0
0
0
0
0
0
0
0
0
0
0
0
0
0
0
0
0
0
0
0
0
0
0
0
0
0
0
0
0
0
0
0
0
0
0
0
0
0
0
0
0
0
0
0
0
0
0
0
0
0
0
0
0
0
0
0
0
0
0
0
0
0
0
0
0
0
0
0
0
0
0
0
0
0
0
0
0
0
0
0
0
0
0
0
0
0
0
0
0
0
0
0
0
0
0
0
0
0
0
0
0
0
0
0
0
0
0
0
0
0
0
0
0
0
0
0
0
0
0
0
0
0
0
0
0
0
0
0
0
0
0
0
0
0
0
0
0
0
0
0
0
0
0
0
0
0
0
0
0
0
0
0
0
0
0
0
0
0
0
0
0
0
0
0
0
0
0
0
0
0
0
0
0
0
0
0
0
0
0
0
0
0
0
0
0
0
0
0
0
0
0
0
0
0
0
0
0
0
0
0
0
0
0
0
0
0
0
0
0
0
0
0
0
0
0
0
0
0
0
0
0
0
0
0
0
0
0
0
0
0
0
0
0
0
0
0
0
0
0
0
0
0
0
0
0
0
0
0
0
0
0
0
0
0
0
0
0
0
0
0
0
0
0
0
0
0
0
0
0
0
0
0
0
0
0
0
0
0
0
0
0
0
0
0
0
0
0
0
0
0
0
0
0
0
0
0
0
0
0
0
0
0
0
0
0
0
0
0
0
0
0
0
0
0
0
0
0
0
0
0
0
0
0
0
0
0
0
0
0
0
0
0
0
