int
0
2099
0
3860
2055
3653
3622
3856
2051
3651
2112
3593
3590
2056
3619
3587
2072
3625
3658
2128
2127
2123
2119
2111
2107
2103
2095
2091
2087
2083
2079
2071
2067
6159
3619
3595
2056
3857
3656
3622
2048
3589
3624
3587
2096
2073
2052
3648
2129
3654
2127
2113
2123
3862
2119
2111
2107
2103
2095
2091
2087
2083
2079
2071
2067
6159
3619
3591
3592
3857
3652
3658
2048
2057
3620
3587
2096
2073
2052
3648
2129
3626
2127
2113
2123
3862
2119
2111
2107
2103
2095
2091
2087
2083
2079
2071
2067
6159
3627
3619
2112
3857
3656
3590
2048
2057
2096
3587
2052
2073
3592
3648
2129
3654
2127
3621
2123
3862
2119
2111
2107
2103
2095
2091
2087
2083
2079
2071
2067
6159
0
2095
3584
2113
2055
2128
2057
3654
2060
3621
3651
2076
3617
3862
2072
2065
2100
3858
2048
3589
3627
3658
3595
2127
2123
2119
2111
2107
2099
2091
2087
2083
6167
0
0
2115
0
2103
3592
2077
3658
2051
0
2095
2060
2073
2055
3654
3860
3651
3627
3621
3856
3586
3591
2128
2127
3617
2056
2066
2123
2119
2111
2107
2099
2091
2087
2083
6167
3623
3619
2112
3857
3652
3658
2048
2057
2096
3587
2052
2073
3588
3648
3625
3594
2127
2129
2123
3862
2119
2111
2107
2103
2095
2091
2087
2083
2079
2071
2067
6159
0
0
2115
0
2103
2060
2077
3658
2051
0
2095
3588
3625
2055
3654
3860
3651
3623
2073
3856
3586
3595
2128
2127
3617
2056
2066
2123
2119
2111
2107
2099
2091
2087
2083
6167
0
2095
3584
2113
2055
2128
3625
3658
2060
2057
3651
2076
3617
3862
2072
3593
2100
3858
2048
2065
3623
3654
3591
2127
2123
2119
2111
2107
2099
2091
2087
2083
6167
3651
3619
2112
3857
2048
3622
2096
2057
3624
3587
2052
3653
3592
3656
2073
3590
2127
2129
2123
3862
2119
2111
2107
2103
2095
2091
2087
2083
2079
2071
2067
6159
0
2095
3588
3625
2055
3584
2113
3622
2128
3653
2107
2060
3649
3862
2072
2057
3659
2068
2081
2048
3858
3619
3595
2127
2098
2123
2119
2111
2103
2091
2087
2079
6163
0
0
2131
0
0
3592
2061
3622
2059
0
0
2068
3653
2115
3626
2051
2096
2095
3649
2055
3860
3586
2107
3659
3856
2073
3619
2082
3591
2127
2123
2119
2111
2103
2091
2087
2079
6163
0
2103
3616
2097
2055
2072
2081
3590
2128
3653
2051
2068
3649
3862
2064
2077
2107
2056
3621
3858
2112
3659
3627
3594
3587
2127
2123
2119
2111
2095
2091
2087
6159
0
2119
2092
2055
2065
3652
2078
2107
2072
2081
2103
3620
2062
2051
2112
3617
3659
3588
3586
3861
2128
3627
3595
2056
3857
2070
2127
2123
2111
2099
3650
2091
6183
0
0
0
3861
0
0
0
3592
3857
3650
2079
2113
0
0
2093
2060
0
2057
2066
2075
2129
0
2117
3584
2053
0
2105
3622
2101
2071
2049
2080
3657
3625
3589
2125
2121
2109
2097
2089
2085
3618
7751
0
0
2059
0
0
3616
2081
3594
2115
0
2103
2072
3653
2055
3590
2051
2096
2107
3649
3659
3860
2070
3623
3587
3856
3625
2127
2128
2066
2123
2119
2077
2111
2095
2091
2087
6159
0
0
0
3861
0
0
0
2060
3857
3650
2079
2113
0
0
2093
3588
0
2057
3626
2075
2129
0
2117
3584
2053
0
2105
2066
2101
2071
2049
2080
3657
3621
3593
2125
2121
2109
2097
2089
2085
3618
7751
0
0
0
3861
0
0
0
3592
3857
3650
2079
2113
0
0
2093
2060
0
2057
3626
2075
2129
0
2117
3584
2053
0
2105
2066
2101
2071
2049
2080
3657
3621
3589
2125
2121
2109
2097
2089
2085
3618
7751
3651
3619
2112
3857
2048
3594
2096
3657
3620
3587
2052
2057
3588
3652
2073
3626
2127
2129
2123
3862
2119
2111
2107
2103
2095
2091
2087
2083
2079
2071
2067
6159
0
0
2131
0
0
2068
3657
3622
2059
0
0
3588
2061
2115
3626
2051
2096
2095
3649
2055
3860
3586
2107
3655
3856
2073
3619
2082
3595
2127
2123
2119
2111
2103
2091
2087
2079
6163
0
2095
2080
3621
2055
3584
3657
3626
2128
2113
2107
2060
3649
3862
2072
2057
3655
2068
3593
2048
3858
3619
3591
2127
2098
2123
2119
2111
2103
2091
2087
2079
6163
0
0
2059
0
0
3616
3657
3594
2115
0
2103
2072
2081
2055
3590
2051
2096
2107
3649
3655
3860
2070
3627
3587
3856
2077
2127
2128
2066
2123
2119
3621
2111
2095
2091
2087
6159
0
0
0
3861
0
0
0
2060
3857
3650
2079
2113
0
0
2093
3588
0
2057
2066
2075
2129
0
2117
3584
2053
0
2105
3622
2101
3659
2049
2080
3653
3625
3593
2125
2121
2109
2097
2089
2085
3618
6167
0
0
0
3861
0
0
0
3592
3857
3650
2079
2113
0
0
2093
2060
0
2057
2066
2075
2129
0
2117
3584
2053
0
2105
3622
2101
3659
2049
2080
3653
3625
3589
2125
2121
2109
2097
2089
2085
3618
6167
0
2103
3616
2097
2055
2072
3657
3594
2128
2081
2051
2068
3649
3862
2064
3625
2107
2056
2077
3858
2112
3655
3623
3590
3587
2127
2123
2119
2111
2095
2091
2087
6159
0
0
0
3861
0
0
0
2060
3857
3650
2079
2113
0
0
2093
3588
0
2057
3626
2075
2129
0
2117
3584
2053
0
2105
2066
2101
3659
2049
2080
3653
3621
3593
2125
2121
2109
2097
2089
2085
3618
6167
0
2119
3656
2055
2065
2092
2078
2107
3624
2081
2103
2072
2062
2051
3592
3617
3655
2112
3586
3861
2128
3623
3591
2056
3857
2070
2127
2123
2111
2099
3650
2091
6183
0
2115
0
3860
3649
2078
2051
3856
2107
2065
2056
2062
2131
2092
2081
2100
3586
2052
3659
2116
3617
2070
3655
3627
3623
3595
3591
2127
2123
2111
2099
2091
2087
6171
0
0
0
0
0
0
0
0
0
2048
2087
0
3593
3622
0
0
0
0
0
2068
2059
0
0
0
2099
3625
3590
2115
0
2064
2075
0
0
2107
0
3861
2131
0
2095
2060
3658
2103
3651
3619
3587
3857
2127
2123
2119
2088
2111
2083
2079
3654
0
6149
0
0
0
2099
0
0
2131
0
0
2048
3657
2115
3622
0
2075
0
0
3591
0
2068
2085
2107
0
2103
0
3654
2095
3651
3619
2064
3625
3595
3587
2127
2123
3862
2119
2111
2083
2060
2057
2079
0
0
0
3858
0
0
0
2088
6149
0
0
0
2099
0
0
2131
0
0
2048
3653
2115
3658
0
3595
0
0
2075
0
2068
2085
2107
0
2103
0
3626
2095
3651
3619
2064
3621
3591
3587
2127
2123
3862
2119
2111
2083
2060
2057
2079
0
0
0
3858
0
0
0
2088
6149
0
0
0
2099
0
0
2131
0
0
3592
3657
2115
3590
0
3623
0
0
2075
0
2068
2085
2107
0
2103
0
3654
2095
3651
3627
2064
2057
3619
3587
2127
2123
3862
2119
2111
2083
2060
2053
2079
0
0
0
3858
0
0
0
2088
6145
0
0
0
0
0
0
0
0
0
0
2060
2077
2054
3655
0
2074
0
0
2114
0
0
3584
2049
3622
3863
0
2094
0
0
3590
0
0
2056
2069
2130
3859
0
2106
0
0
2102
3650
3626
2088
3617
3594
2126
2122
2118
2110
2098
2082
3659
0
2084
6161
0
0
0
0
0
0
0
0
0
0
0
0
0
3584
2057
2074
3863
0
0
0
0
0
0
0
0
0
0
2088
3621
2070
3859
0
0
0
0
0
0
0
0
0
0
2084
3617
2066
3659
0
2106
0
0
2102
0
0
2114
0
0
2048
3593
2130
3655
0
2094
3650
3626
3590
2126
2122
2118
2110
2098
2076
2053
2082
6159
0
0
0
2099
0
0
2131
0
0
3588
3653
3627
3658
0
2115
0
0
2075
0
2068
2085
2107
0
2103
0
3594
2095
3651
3623
2064
2057
3619
3587
2127
2123
3862
2119
2111
2083
2060
2053
2079
0
0
0
3858
0
0
0
2088
6145
0
0
0
0
0
0
0
0
0
0
0
0
0
3584
3625
2074
3863
0
0
0
0
0
0
0
0
0
0
2088
2057
2070
3859
0
0
0
0
0
0
0
0
0
0
2084
3617
2066
3659
0
2106
0
0
2102
0
0
2114
0
0
2048
2053
2130
3655
0
2094
3650
3622
3594
2126
2122
2118
2110
2098
2076
3589
2082
6159
0
0
0
0
0
0
0
0
0
0
2060
2077
2054
3659
0
2074
0
0
3626
0
0
3584
2049
2114
3863
0
3594
0
0
2094
0
0
2056
2069
2130
3859
0
2106
0
0
2102
3650
3622
2088
3617
3590
2126
2122
2118
2110
2098
2082
3655
0
2084
6161
0
0
0
2099
0
0
2131
0
0
3592
2085
3655
3622
0
2115
0
0
2075
0
2068
2057
2107
0
2103
0
3590
2095
3659
3651
2064
2053
3619
3587
2127
2123
3862
2119
2111
2083
2060
3625
2079
0
0
0
3858
0
0
0
2088
6145
0
0
0
0
0
0
0
0
0
3586
2060
2069
0
3623
2098
0
0
0
2106
0
0
2056
2049
2114
3863
0
3654
0
0
2094
0
2080
2074
3625
0
3590
3859
0
2130
0
2102
2064
3658
3618
2089
3594
2126
2122
2118
2110
2078
3648
2055
0
0
6181
0
0
0
0
0
0
0
0
0
0
0
0
0
2072
3585
3626
3863
0
0
0
0
0
0
0
0
0
0
2068
2089
3622
3859
0
0
0
0
0
0
0
0
0
0
2064
2085
2058
2063
0
0
2096
0
0
0
2104
0
0
2128
0
2081
2092
3594
3655
2112
0
2100
3656
3616
3588
2124
2120
2116
2108
2076
2049
2054
7747
0
0
0
0
0
0
0
0
0
3648
3593
2090
0
3591
0
0
0
0
0
2076
0
2069
2086
0
2096
3863
0
0
2104
0
0
2112
2065
2058
3652
0
3859
2072
0
0
3620
0
2081
2100
2054
0
2128
2063
2092
3656
3624
3584
2124
2120
2116
2108
3617
6146
0
0
0
2107
0
0
0
2095
0
0
2115
3584
2065
3862
3655
0
0
2075
0
0
3623
0
0
2088
2061
3858
2103
0
0
3591
0
0
2131
0
2119
2084
3617
2050
3659
3627
3595
2127
2123
2111
2099
0
0
2080
2057
2070
0
0
0
0
0
0
0
0
0
2076
2053
7746
0
0
0
0
0
0
0
0
0
0
0
0
0
3652
2053
2070
3863
0
0
0
0
0
0
0
0
0
0
3584
0
2089
2066
3859
0
0
0
0
0
0
0
0
0
3620
0
0
2085
3618
2079
0
0
0
0
0
0
0
0
3592
0
0
0
2092
2081
2062
2051
2104
0
0
2128
0
0
2100
0
0
2112
0
2116
3656
3624
3588
2124
2120
2108
2096
2073
2058
7747
0
0
0
0
0
0
0
0
0
0
0
0
0
2080
2049
3862
2059
0
0
0
0
0
2099
0
0
0
2107
2076
3617
3858
2131
0
0
2103
0
0
2115
0
2095
3659
3623
2072
3593
2054
3587
2127
2123
2119
2111
0
0
0
0
0
0
2068
3589
3654
0
0
0
0
0
0
0
0
0
0
0
2064
2089
3650
0
0
0
0
0
0
0
0
0
0
0
2060
2085
7722
0
0
0
0
0
0
0
0
0
0
0
0
0
0
2068
3585
3626
3863
0
0
0
0
0
0
0
0
0
0
0
2064
2085
2050
3859
0
0
0
0
0
0
0
0
0
0
0
2060
2081
3618
2055
0
0
0
0
0
0
0
0
0
0
0
2056
2077
2090
3655
2092
0
0
0
2104
0
0
2128
0
0
2100
0
2073
2112
3590
2116
3656
3620
3592
2124
2120
2108
2096
7747
0
0
0
0
0
0
0
0
0
0
0
0
0
0
2068
3585
3626
3863
0
0
0
0
0
0
0
0
0
0
0
2064
2085
2050
3859
0
0
0
0
0
0
0
0
0
0
0
2060
2081
3618
2055
0
0
0
0
0
0
0
0
0
0
0
2056
2077
3594
3655
2092
0
0
0
2104
0
0
2128
0
0
2100
0
2073
2112
2090
2116
3656
3620
3588
2124
2120
2108
2096
7747
0
0
0
2099
0
0
3659
0
0
3588
2085
2131
3594
0
2115
0
0
2075
0
2068
2057
2107
0
2103
0
3626
2095
3655
3651
2064
2053
3619
3587
2127
2123
3862
2119
2111
2083
2060
3621
2079
0
0
0
3858
0
0
0
2088
6145
0
0
0
0
0
0
0
0
0
0
0
0
0
2072
3585
3626
3863
0
0
0
0
0
0
0
0
0
0
2068
2089
3622
3859
0
0
0
0
0
0
0
0
0
0
2064
2085
2058
3659
0
0
2096
0
0
0
2104
0
0
2128
0
2081
2092
2054
2063
2112
0
2100
3652
3616
3592
2124
2120
2116
2108
2076
2049
3590
7747
0
0
0
0
0
0
0
0
0
3586
2060
2069
0
3627
2098
0
0
0
2106
0
0
2056
2049
3658
3863
0
2114
0
0
2094
0
2080
3594
3621
0
2074
3859
0
2130
0
2102
2064
3654
3618
2089
3590
2126
2122
2118
2110
2078
3648
2055
0
0
6181
0
0
0
0
0
0
0
0
0
0
0
0
0
2080
3621
3862
2059
0
0
0
0
0
2099
0
0
0
2107
2076
3617
3858
2131
0
0
2103
0
0
2115
0
2095
3655
3627
2072
3593
3658
3587
2127
2123
2119
2111
0
0
0
0
0
0
2068
3589
2054
0
0
0
0
0
0
0
0
0
0
0
2064
2089
3650
0
0
0
0
0
0
0
0
0
0
0
2060
2085
6146
0
0
0
0
0
0
0
0
0
0
0
0
0
0
2068
3585
2050
3863
0
0
0
0
0
0
0
0
0
0
0
2064
2085
3622
3859
0
0
0
0
0
0
0
0
0
0
0
2060
2081
3618
3659
0
0
0
0
0
0
0
0
0
0
0
2056
2077
2090
2055
2092
0
0
0
2104
0
0
2128
0
0
2100
0
2073
2112
3590
2116
3652
3624
3592
2124
2120
2108
2096
7747
0
0
0
0
0
0
0
0
0
0
0
0
0
0
2068
3585
2050
3863
0
0
0
0
0
0
0
0
0
0
0
2064
2085
3622
3859
0
0
0
0
0
0
0
0
0
0
0
2060
2081
3618
3659
0
0
0
0
0
0
0
0
0
0
0
2056
2077
3594
2055
2092
0
0
0
2104
0
0
2128
0
0
2100
0
2073
2112
2090
2116
3652
3624
3588
2124
2120
2108
2096
7747
0
0
0
0
0
0
0
0
0
3648
3589
2090
0
3595
0
0
0
0
0
2076
0
2069
2086
0
2096
3863
0
0
2104
0
0
3656
2065
2058
2112
0
3859
3624
0
0
2072
0
2081
2100
2054
0
2128
2063
2092
3652
3620
3584
2124
2120
2116
2108
3617
6146
0
0
0
0
0
0
0
0
0
0
0
0
0
3588
2053
2070
3863
0
0
0
0
0
0
0
0
0
0
3624
0
2089
2066
3859
0
0
0
0
0
0
0
0
0
3584
0
0
2085
3618
2079
0
0
0
0
0
0
0
0
2072
0
0
0
2092
2081
2062
2051
2104
0
0
2128
0
0
2100
0
0
2112
0
2116
3652
3620
3592
2124
2120
2108
2096
3657
2058
7747
0
0
0
2107
0
0
0
2095
0
0
3659
3584
2065
3862
2115
0
0
3627
0
0
2075
0
0
2088
2061
3858
3595
0
0
2103
0
0
2131
0
2119
2084
3617
2050
3655
3623
3591
2127
2123
2111
2099
0
0
2080
2057
2070
0
0
0
0
0
0
0
0
0
2076
2053
7746
0
0
0
2107
0
0
0
2095
0
0
2103
3584
2065
3862
2131
0
2119
0
2115
3659
3655
3627
3623
2088
2061
3858
3595
3591
2127
2123
2111
2099
2075
0
0
2084
3617
2050
0
0
0
0
0
0
0
0
0
2080
2057
2070
0
0
0
0
0
0
0
0
0
2076
2053
7746
0
0
0
0
0
0
0
0
0
0
0
0
0
0
0
0
0
0
0
0
0
0
0
0
0
0
0
0
0
0
0
0
0
0
0
0
0
0
0
0
0
0
0
0
0
0
0
0
0
0
0
0
0
0
0
0
0
0
0
0
0
0
0
0
0
0
0
0
0
0
0
0
0
0
0
0
0
0
0
0
0
0
0
0
0
0
0
0
0
0
0
0
0
0
0
0
0
0
0
0
0
0
0
0
0
0
0
0
0
0
0
0
0
0
0
0
0
0
0
0
0
0
0
0
0
0
0
0
0
0
0
0
0
0
0
0
0
0
0
0
0
0
0
0
0
0
0
0
0
0
0
0
0
0
0
0
0
0
0
0
0
0
0
0
0
0
0
0
0
0
0
0
0
0
0
0
0
0
0
0
0
0
0
0
0
0
0
0
0
0
0
0
0
0
0
0
0
0
0
0
0
0
0
0
0
0
0
0
0
0
0
0
0
0
0
0
0
0
0
0
0
0
0
0
0
0
0
0
0
0
0
0
0
0
0
0
0
0
0
0
0
0
0
0
0
0
0
0
0
0
0
0
0
0
0
0
0
0
0
0
0
0
0
0
0
0
0
0
0
0
0
0
0
0
0
0
0
0
0
0
0
0
0
0
0
0
0
0
0
0
0
0
0
0
0
0
0
0
0
0
0
0
0
0
0
0
0
0
0
0
0
0
0
0
0
0
0
0
0
0
0
0
0
0
0
0
0
0
0
0
0
0
0
0
0
0
0
0
0
0
0
0
0
0
0
0
0
0
0
0
0
0
0
0
0
0
0
0
0
0
0
0
0
0
0
0
0
0
0
0
0
0
0
0
0
0
0
0
0
0
0
0
0
0
0
0
0
0
0
0
0
0
0
0
0
0
0
0
0
0
0
0
0
0
0
0
0
0
0
0
0
0
0
0
0
0
0
0
0
0
0
0
0
0
0
0
0
0
0
0
0
0
0
0
0
0
0
0
0
0
0
0
0
0
0
0
0
0
0
0
0
0
0
0
0
0
0
0
0
0
0
0
0
0
0
0
0
0
0
0
0
0
0
0
0
0
0
0
0
0
0
0
0
0
0
0
0
0
0
0
0
0
0
0
0
0
0
0
0
0
0
0
0
0
0
0
0
0
0
0
0
0
0
0
0
0
0
0
0
0
0
0
0
0
0
0
0
0
0
0
0
0
0
0
0
0
0
0
0
0
0
0
0
0
0
0
0
0
0
0
0
0
0
0
0
0
0
0
0
0
0
0
0
0
0
0
0
0
0
0
0
0
0
0
0
0
0
0
0
0
0
0
0
0
0
0
0
0
0
0
0
0
0
0
0
0
0
0
0
0
0
0
0
0
0
0
0
0
0
0
0
0
0
0
0
0
0
0
0
0
0
0
0
0
0
0
0
0
0
0
0
0
0
0
0
0
0
0
0
0
0
0
0
0
0
0
0
0
0
0
0
0
0
0
0
0
0
0
0
0
0
0
0
0
0
0
0
0
0
0
0
0
0
0
0
0
0
0
0
0
0
0
0
0
0
0
0
0
0
0
0
0
0
0
0
0
0
0
0
0
0
0
0
0
0
0
0
0
0
0
0
0
0
0
0
0
0
0
0
0
0
0
0
0
0
0
0
0
0
0
0
0
0
0
0
0
0
0
0
0
0
0
0
0
0
0
0
0
0
0
0
0
0
0
0
0
0
0
0
0
0
0
0
0
0
0
0
0
0
0
0
0
0
0
0
0
0
0
0
0
0
0
0
0
0
0
0
0
0
0
0
0
0
0
0
0
0
0
0
0
0
0
0
0
0
0
0
0
0
0
0
0
0
0
0
0
0
0
0
0
0
0
0
0
0
0
0
0
0
0
0
0
0
0
0
0
0
0
0
0
0
0
0
0
0
0
0
0
0
0
0
0
0
0
0
0
0
0
0
0
0
0
0
0
0
0
0
0
0
0
0
0
0
0
0
0
0
0
0
0
0
0
0
0
0
0
0
0
0
0
0
0
0
0
0
0
0
0
0
0
0
0
0
0
0
0
0
0
0
0
0
0
0
0
0
0
0
0
0
0
0
0
0
0
0
0
0
0
0
0
0
0
0
0
0
0
0
0
0
0
0
0
0
0
0
0
0
0
0
0
0
0
0
0
0
0
0
0
0
0
0
0
0
0
0
0
0
0
0
0
0
0
0
0
0
0
0
0
0
0
0
0
0
0
0
0
0
0
0
0
0
0
0
0
0
0
0
0
0
0
0
0
0
0
0
0
0
0
0
0
0
0
0
0
0
0
0
0
0
0
0
0
0
0
0
0
0
0
0
0
0
0
0
0
0
0
0
0
0
0
0
0
0
0
0
0
0
0
0
0
0
0
0
0
0
0
0
0
0
0
0
0
0
0
0
0
0
0
0
0
0
0
0
0
0
0
0
0
0
0
0
0
0
0
0
0
0
0
0
0
0
0
0
0
0
0
0
0
0
0
0
0
0
0
0
0
0
0
0
0
0
0
0
0
0
0
0
0
0
0
0
0
0
0
0
0
0
0
0
0
0
0
0
0
0
0
0
0
0
0
0
0
0
0
0
0
0
0
0
0
0
0
0
0
0
0
0
0
0
0
0
0
0
0
0
0
0
0
0
0
0
0
0
0
0
0
0
0
0
0
0
0
0
0
0
0
0
0
0
0
0
0
0
0
0
0
0
0
0
0
0
0
0
0
0
0
0
0
0
0
0
0
0
0
0
0
0
0
0
0
