int
0
2147
0
2187
0
2299
0
2295
2132
2053
3874
2291
2364
2183
0
2084
2179
0
2372
2049
2074
2088
2175
0
2380
2171
3892
2167
3888
2129
3844
2070
3840
2163
2140
2263
2248
2259
2384
2125
2136
3878
2240
2395
2360
2391
2236
2379
2232
2121
2228
2066
2224
2371
2220
2359
2216
2355
2212
2117
2208
2062
2204
2351
2200
2347
2196
2343
2312
2113
2148
2058
2339
2335
2331
2327
2323
2319
2109
2311
2307
2303
2287
2283
2279
2275
2271
2267
2255
2247
2195
2191
2159
2155
2107
2103
2099
2095
2083
6175
0
0
2375
0
0
2091
0
0
2383
2048
2109
3895
3874
2140
3891
0
3847
2208
3843
0
2263
2204
2133
2315
3878
2200
2387
0
2259
2196
2215
0
2073
2136
2363
2130
2251
2148
2299
0
2295
2144
2069
2291
0
2180
2126
2187
0
2176
2243
0
2065
2172
2239
0
2235
2364
2122
2231
0
2168
2061
2223
2395
2164
2391
2379
2371
2224
2118
2359
2057
2160
2355
2351
2347
2216
2343
2339
2084
2114
2053
2335
2331
2327
2323
2319
2311
2307
2303
2287
2283
2279
2275
2271
2267
2255
2247
2195
2191
2159
2155
2107
2103
2099
2095
2083
6175
0
2151
0
2315
0
2147
0
2187
2132
2053
2303
0
2384
3874
2299
0
2364
2295
0
2380
2049
2291
2084
2183
3878
2372
2179
0
2080
2129
2175
2076
2171
0
2088
2074
3892
2167
3888
2125
3844
2163
3840
2263
2392
2070
2388
2259
2240
2121
2236
2143
2360
2251
2232
2066
2228
2139
2224
2117
2220
2379
2216
2371
2212
2062
2208
2359
2204
2113
2200
2355
2196
2351
2347
2058
2343
2339
2109
2335
2331
2327
2323
2319
2311
2307
2287
2283
2279
2275
2271
2267
2255
2247
2195
2191
2159
2155
2107
2103
2099
6191
0
0
2079
2210
0
2091
0
2206
3895
0
2108
2202
3891
0
3873
2198
3847
0
3843
2138
2395
2132
2391
2150
2251
0
2303
3877
2386
2363
0
2072
2146
2299
0
2295
2182
2291
2129
2187
2178
2068
2243
0
2174
2239
0
2235
2366
2125
2231
2064
2170
2223
0
2263
2166
2259
0
2315
2121
2060
2226
2215
2379
2371
2162
2359
2355
2351
2218
2056
2117
2347
2142
2343
2339
2382
2335
2331
2086
2052
2327
2113
2374
2323
2319
2082
2311
2307
2287
2048
2283
2279
2275
2271
2267
2255
2247
2195
2191
2159
2155
2107
2103
2099
6191
0
2199
0
2315
0
2151
0
2147
2132
2053
2187
0
2384
3874
2299
0
2364
2295
0
2380
2049
2291
2084
2183
3878
2372
2179
0
2096
2129
2175
2092
2171
0
2088
2074
3892
2167
3888
2125
3844
2163
3840
2263
2392
2070
2388
2259
2240
2121
2236
2143
2360
2251
2232
2066
2228
2139
2224
2117
2220
2379
2216
2371
2212
2062
2208
2359
2204
2113
2324
2355
2200
2351
2347
2058
2343
2339
2109
2335
2331
2323
2319
2311
2307
2303
2287
2283
2279
2275
2271
2267
2255
2247
2195
2191
2159
2155
2107
2103
2083
6175
0
0
2095
2210
0
2091
0
2206
3895
0
2108
2202
3891
0
3873
2198
3847
0
3843
2138
2395
2132
2391
2150
2215
0
2251
3877
2386
2363
0
2072
2146
2299
0
2295
2182
2291
2129
2187
2178
2068
2243
0
2174
2239
0
2235
2366
2125
2231
2064
2170
2327
0
2223
2166
2263
0
2315
2121
2060
2226
2259
2379
2371
2162
2359
2355
2351
2218
2056
2117
2347
2142
2343
2339
2382
2335
2331
2086
2052
2323
2113
2374
2319
2311
2098
2307
2303
2287
2048
2283
2279
2275
2271
2267
2255
2247
2195
2191
2159
2155
2107
2103
2083
6175
0
2207
0
2203
0
2327
0
2199
2133
2054
2151
0
2315
0
3872
2385
2147
0
2187
2365
2050
2303
2093
2299
0
2089
3876
2295
2085
2130
2291
2081
2183
0
2393
2179
2072
2389
2126
2175
2381
2171
0
2077
2167
0
2068
2373
2122
2163
2097
2263
3893
2259
3889
2143
2064
3845
2118
3841
2251
2237
2139
2233
2243
2361
2060
2229
2114
2225
2379
2221
2371
2217
2359
2213
2056
2209
2110
2355
2351
2347
2343
2339
2335
2331
2323
2319
2311
2307
2287
2283
2279
2275
2271
2267
2255
2247
2195
2191
2159
2155
2107
6199
0
0
2395
0
0
2384
2391
0
0
2208
2110
2383
0
2204
2087
0
3873
2200
2375
0
0
2196
2134
2083
0
2136
3895
0
3891
2148
3877
3847
2074
2144
3843
0
2303
2180
2299
0
2363
2176
2129
2070
2295
2172
2291
0
2187
2364
2243
0
2239
2168
2125
2066
2235
2164
2231
0
2223
2224
2327
0
2263
2160
2121
2062
2259
2216
2315
0
2215
2140
2251
2379
2076
2117
2058
2096
2371
2359
2092
2355
2351
2088
2347
2343
2113
2054
2339
2335
2331
2323
2319
2311
2307
2287
2283
2050
2279
2275
2271
2267
2255
2247
2195
2191
2159
2155
2107
6199
0
2199
0
2315
0
2151
0
2147
2132
2053
2187
0
2384
3874
2299
0
2364
2295
0
2380
2049
2291
2100
2183
3878
2372
2179
0
2088
2129
2175
2084
2171
0
2104
2074
3892
2167
3888
2125
3844
2163
3840
2263
2392
2070
2388
2259
2240
2121
2236
2143
2360
2251
2232
2066
2228
2139
2224
2117
2220
2379
2216
2371
2336
2062
2212
2359
2208
2113
2204
2355
2200
2351
2347
2058
2343
2335
2109
2331
2327
2323
2319
2311
2307
2303
2287
2283
2279
2275
2271
2267
2255
2247
2195
2191
2159
2155
2099
2095
2083
6175
0
0
2087
2210
0
2107
0
2206
3895
0
2108
2202
3891
0
3873
2198
3847
0
3843
2138
2395
2132
2391
2150
2215
0
2251
3877
2386
2363
0
2072
2146
2299
0
2295
2182
2291
2129
2187
2178
2068
2243
0
2174
2339
0
2239
2366
2125
2235
2064
2170
2231
0
2223
2166
2263
0
2315
2121
2060
2226
2259
2379
2371
2162
2359
2355
2351
2218
2056
2117
2347
2142
2343
2335
2382
2331
2327
2102
2052
2323
2113
2374
2319
2311
2090
2307
2303
2287
2048
2283
2279
2275
2271
2267
2255
2247
2195
2191
2159
2155
2099
2095
2083
6175
0
2211
0
2207
0
2203
0
2199
2133
2054
2151
0
2315
0
3872
2385
2147
0
2187
2365
2050
2303
2077
2299
0
2089
3876
2295
2085
2130
2291
2105
2183
0
2393
2179
2072
2389
2126
2175
2381
2171
0
2101
2167
0
2068
2373
2122
2163
2081
2263
3893
2259
3889
2143
2064
3845
2118
3841
2251
2237
2139
2233
2243
2361
2060
2229
2114
2225
2379
2221
2371
2217
2359
2213
2056
2337
2110
2355
2351
2347
2343
2335
2331
2327
2323
2319
2311
2307
2287
2283
2279
2275
2271
2267
2255
2247
2195
2191
2159
2155
2099
6191
0
0
2395
0
0
2384
2391
0
0
2208
2110
2383
0
2204
2087
0
3873
2200
2375
0
0
2196
2134
2107
0
2136
3895
0
3891
2148
3877
3847
2074
2144
3843
0
2303
2180
2299
0
2363
2176
2129
2070
2295
2172
2291
0
2187
2364
2243
0
2239
2168
2125
2066
2339
2164
2235
0
2231
2224
2223
0
2263
2160
2121
2062
2259
2216
2315
0
2215
2140
2251
2379
2100
2117
2058
2080
2371
2359
2076
2355
2351
2088
2347
2343
2113
2054
2335
2331
2327
2323
2319
2311
2307
2287
2283
2050
2279
2275
2271
2267
2255
2247
2195
2191
2159
2155
2099
6191
0
2211
0
2207
0
2327
0
2203
2133
2054
2199
0
2315
0
3872
2385
2151
0
2147
2365
2050
2187
2093
2299
0
2089
3876
2295
2085
2130
2291
2105
2183
0
2393
2179
2072
2389
2126
2175
2381
2171
0
2101
2167
0
2068
2373
2122
2163
2097
2263
3893
2259
3889
2143
2064
3845
2118
3841
2251
2237
2139
2233
2243
2361
2060
2229
2114
2225
2379
2221
2371
2217
2359
2213
2056
2337
2110
2355
2351
2347
2343
2335
2331
2323
2319
2311
2307
2303
2287
2283
2279
2275
2271
2267
2255
2247
2195
2191
2159
2155
2083
6175
0
0
2395
0
0
2384
2391
0
0
2208
2110
2383
0
2204
2087
0
3873
2200
2375
0
0
2196
2134
2107
0
2136
3895
0
3891
2148
3877
3847
2074
2144
3843
0
2251
2180
2299
0
2363
2176
2129
2070
2295
2172
2291
0
2187
2364
2243
0
2239
2168
2125
2066
2339
2164
2235
0
2231
2224
2327
0
2223
2160
2121
2062
2263
2216
2315
0
2259
2140
2215
2379
2100
2117
2058
2096
2371
2359
2092
2355
2351
2088
2347
2343
2113
2054
2335
2331
2323
2319
2311
2307
2303
2287
2283
2050
2279
2275
2271
2267
2255
2247
2195
2191
2159
2155
2083
6175
0
2327
0
2199
0
2151
0
2384
2315
2053
2147
2364
2187
0
2303
2392
3874
2299
0
2388
2049
2295
2100
2291
0
2096
2183
0
2092
2129
3878
2088
2179
0
2380
2175
0
2084
2125
2171
2372
2074
2167
2080
2163
0
2076
2121
2263
2104
2259
3892
2070
3888
2143
3844
2117
3840
2251
2232
2139
2228
2066
2360
2243
2224
2113
2220
2239
2216
2379
2212
2062
2208
2371
2336
2109
2204
2359
2200
2355
2351
2058
2347
2343
2133
2335
2331
2323
2319
2311
2307
2287
2283
2279
2275
2271
2267
2255
2247
2195
2191
2159
6251
0
0
2094
0
0
2090
0
2384
2382
0
2109
2200
2086
0
0
2196
2374
0
3875
2136
2082
2133
0
2148
2078
0
0
2392
2106
0
3894
2388
2073
3890
3879
2144
3846
0
3842
2180
2298
0
2069
2176
2294
2131
2362
2172
2290
0
2186
2364
2065
2242
0
2168
2238
2127
2234
2164
2338
0
2061
2224
2230
0
2222
2160
2326
2123
2262
2216
2057
2258
0
2140
2314
0
2214
2208
2250
2119
2053
2204
2302
2378
2100
2370
2358
2096
2354
2350
2049
2346
2342
2334
2330
2322
2318
2310
2306
2286
2282
2278
2274
2270
2266
2254
2246
2194
2190
2158
2154
6211
0
0
0
2211
0
0
0
2367
0
0
0
2207
0
0
0
2359
0
0
2112
2061
3874
2355
0
0
0
2351
0
0
2091
0
0
2375
0
0
2087
0
0
2108
2057
2383
3878
3895
0
3891
0
3847
0
3843
0
2183
0
2179
0
2387
0
2175
2048
2053
2143
2130
2363
0
2139
0
2263
0
2259
0
2151
0
2251
0
2147
0
2243
2072
2133
2239
2126
2315
2201
2235
0
2231
2197
2223
0
2299
2193
2295
0
2291
2189
2215
2068
2395
2185
2122
2391
2379
2169
2371
2347
2343
2225
2339
2335
2331
2165
2327
2323
2319
2217
2064
2311
2307
2161
2118
2303
2287
2283
2279
2275
2271
2267
2255
2247
2159
2155
2107
2103
2099
2095
2083
6175
0
0
0
0
0
2187
0
0
0
0
0
2183
0
0
0
0
0
2179
0
0
2052
2109
3874
2175
0
0
0
2367
0
0
2087
0
0
2375
0
0
2091
0
0
2383
0
2132
2049
3895
3878
3891
0
2168
3847
0
3843
0
2263
2164
2259
0
2387
0
2223
2160
2299
0
2363
2073
2295
2140
2130
2291
0
2251
0
2136
2215
0
2243
0
2239
2224
2235
0
2231
0
2315
2148
2069
2395
2391
2126
2379
2216
2371
2347
2343
2339
2335
2144
2331
2327
2323
2319
2311
2208
2307
2303
2287
2065
2283
2204
2122
2279
2275
2271
2267
2200
2255
2247
2159
2155
2107
2196
2103
2099
2095
2083
2079
2356
2061
0
0
2118
0
2352
0
0
0
0
0
2348
0
0
0
0
0
2192
0
0
0
2057
0
2188
6210
0
0
0
2210
0
0
0
2366
0
0
0
2206
0
0
0
2358
0
0
2112
2061
2354
0
3875
0
2350
0
0
0
2202
0
0
2382
0
0
2090
0
0
2108
2057
2374
0
0
2086
3879
0
2082
0
0
2078
0
3894
0
3890
0
3846
0
2048
2053
3842
0
2394
0
2390
2131
2142
0
2138
0
2362
0
2262
0
2258
0
2150
2072
2133
2250
0
2146
2197
2242
2127
2238
2193
2234
0
2314
2189
2230
0
2222
2185
2302
2068
2298
2169
2294
0
2290
2225
2214
2123
2182
2385
2178
0
2174
2165
2378
2370
2346
2217
2064
2342
2338
2161
2334
2330
2326
2322
2318
2310
2306
2286
2282
2278
2274
2270
2266
2254
2246
2158
2154
2106
2102
2098
2094
6215
0
0
0
0
0
2187
0
0
0
0
0
2183
0
0
0
0
0
2179
0
0
2108
2053
0
2175
3874
0
0
2387
0
0
0
2367
0
0
2383
0
0
2079
0
0
2375
2048
2133
2091
0
0
2087
3878
2169
2083
0
3895
0
3891
2165
3847
0
3843
0
2395
2161
2391
2072
2299
0
2295
2141
2363
2130
2291
0
2251
2137
2215
0
2243
0
2239
2225
2235
0
2231
0
2068
2149
2263
0
2315
0
2126
2217
2259
0
2223
0
2303
2145
2379
2371
2347
2343
2339
2209
2335
2064
2331
2327
2323
2205
2319
2122
2311
2307
2287
2201
2283
2279
2275
2271
2267
2197
2255
2247
2159
2155
2060
2357
2107
2103
2099
2095
2118
2353
0
0
0
0
0
2349
0
0
0
0
0
2193
0
2056
0
0
0
2189
0
6210
0
0
0
2210
0
0
0
2366
0
0
0
2206
0
0
0
2358
0
0
2112
2061
2354
0
3875
0
2350
0
0
0
2202
0
0
2382
0
0
2090
0
0
2108
2057
2374
0
0
2086
3879
0
2098
0
0
2094
0
3894
0
3890
0
3846
0
2048
2053
3842
0
2394
0
2390
2131
2142
0
2138
0
2362
0
2262
0
2258
0
2150
2072
2133
2250
0
2146
2197
2326
2127
2242
2193
2238
0
2314
2189
2234
0
2230
2185
2222
2068
2298
2169
2294
0
2290
2225
2214
2123
2182
2385
2178
0
2174
2165
2378
2370
2346
2217
2064
2342
2338
2161
2334
2330
2322
2318
2310
2306
2302
2286
2282
2278
2274
2270
2266
2254
2246
2158
2154
2106
2102
2082
2078
6215
0
0
0
0
0
2206
0
0
0
0
0
2202
0
0
0
0
0
2198
0
0
2056
2113
0
2350
3875
0
0
0
0
2194
0
0
0
0
0
2190
0
0
0
0
0
2052
2109
2186
0
0
0
3879
0
2182
0
0
0
2366
0
0
0
2354
0
0
0
2386
2132
2049
0
2358
0
0
2176
2382
2131
0
2094
0
2172
2374
0
0
2090
0
2168
2086
0
0
2073
2098
2164
3894
0
3890
0
3846
2160
3842
2127
2394
0
2390
2140
2298
0
2294
0
2362
2136
2069
2290
0
2250
0
2224
2214
0
2242
0
2238
2148
2326
2123
2234
0
2230
2216
2314
0
2262
2065
2258
2144
2222
2378
2370
2346
2342
2208
2338
2334
2330
2322
2318
2310
2306
2302
2286
2282
2278
2274
2061
2270
2266
2254
2246
2158
2154
2106
2102
2082
2078
6215
0
0
0
2203
0
0
2083
0
0
2079
0
0
2099
0
0
2095
0
0
2112
2057
2395
0
0
2391
3874
0
2383
0
0
2091
0
0
2375
0
0
2087
0
2108
2053
3895
0
3891
0
3847
0
3843
3878
2139
0
2263
0
2363
0
2259
0
2151
2048
2133
2251
0
2147
0
2243
2385
2327
2130
2239
2197
2235
0
2315
2193
2231
0
2223
2072
2189
2303
0
2299
2185
2295
0
2291
2169
2126
2215
0
2225
2183
0
2179
2165
2175
2068
2143
2217
2379
2371
2347
2161
2343
2339
2335
2209
2122
2331
2323
2365
2319
2311
2307
2205
2064
2287
2283
2357
2279
2275
2271
2353
2267
2255
2247
2349
2118
2159
2155
2107
2103
0
0
6156
0
0
0
0
0
2187
0
0
0
0
0
2183
0
0
0
0
0
2179
0
0
2108
2053
0
2175
0
0
3874
0
0
2171
0
0
0
2367
0
0
2079
0
0
2099
0
2048
2133
2095
0
0
2091
0
2165
2395
3878
0
2391
0
2161
2383
0
0
2087
0
2141
2375
2072
0
2083
0
2137
3895
0
3891
0
2130
2225
3847
0
3843
0
2295
2149
2291
0
2363
0
2068
2385
2251
0
2215
0
2243
2217
2239
2126
2235
0
2327
2145
2231
0
2263
0
2315
2209
2259
2064
2223
0
2303
2205
2299
2379
2371
2347
2122
2201
2343
2339
2335
2331
2323
2197
2319
2311
2307
2287
2060
2357
2283
2279
2275
2271
2267
2353
2255
2118
2247
2159
2155
2349
2107
2103
0
0
0
2193
0
2056
0
0
0
2189
0
0
0
0
6210
0
0
0
2210
0
0
0
2366
0
0
0
2206
0
0
0
2358
0
0
2112
2061
2354
0
3875
0
2350
0
0
0
2202
0
0
2382
0
0
2106
0
0
2108
2057
2374
0
0
2102
3879
0
2090
0
0
2086
0
3894
0
3890
0
3846
0
2048
2053
3842
0
2394
0
2390
2131
2142
0
2138
0
2362
0
2262
0
2258
0
2338
2072
2133
2150
0
2250
2197
2146
2127
2242
2193
2238
0
2314
2189
2234
0
2230
2185
2222
2068
2298
2169
2294
0
2290
2225
2214
2123
2182
2385
2178
0
2174
2165
2378
2370
2346
2217
2064
2342
2334
2161
2330
2326
2322
2318
2310
2306
2302
2286
2282
2278
2274
2270
2266
2254
2246
2158
2154
2098
2094
2082
2078
6215
0
0
0
0
0
2207
0
0
0
0
0
2359
0
0
0
0
0
2355
0
0
2057
2114
0
2351
3872
0
0
0
0
2203
0
0
0
0
0
2199
0
0
0
0
0
2053
2110
2195
0
0
0
3876
0
2147
0
0
0
0
0
2187
0
0
0
2387
0
0
2133
2050
2367
0
0
0
2128
2181
2191
0
0
2383
0
2177
2087
0
0
2375
0
2173
2107
0
2074
2103
0
2169
2091
2124
3895
0
3891
2165
3847
0
3843
0
2395
2161
2391
0
2299
0
2295
2141
2070
2363
0
2291
2120
2225
2251
0
2339
0
2215
2137
2243
0
2239
0
2235
2217
2231
0
2315
2066
2263
2149
2259
2116
2223
2379
2371
2209
2347
2343
2335
2331
2327
2323
2319
2311
2307
2303
2287
2283
2062
2279
2275
2271
2267
2255
2247
2159
2155
2099
2095
2083
6175
0
0
0
2203
0
0
2107
0
0
2103
0
0
2083
0
0
2079
0
0
2112
2057
2395
0
0
2391
3874
0
2383
0
0
2091
0
0
2375
0
0
2087
0
2108
2053
3895
0
3891
0
3847
0
3843
3878
2139
0
2263
0
2363
0
2259
0
2151
2048
2133
2339
0
2251
0
2147
2385
2243
2130
2239
2197
2235
0
2315
2193
2231
0
2223
2072
2189
2303
0
2299
2185
2295
0
2291
2169
2126
2215
0
2225
2183
0
2179
2165
2175
2068
2143
2217
2379
2371
2347
2161
2343
2335
2331
2209
2122
2327
2323
2365
2319
2311
2307
2205
2064
2287
2283
2357
2279
2275
2271
2353
2267
2255
2247
2349
2118
2159
2155
2099
2095
0
0
6156
0
0
0
0
0
2187
0
0
0
0
0
2183
0
0
0
0
0
2179
0
0
2108
2053
0
2175
0
0
3874
0
0
2171
0
0
0
2367
0
0
2103
0
0
2083
0
2048
2133
2079
0
0
2091
0
2165
2395
3878
0
2391
0
2161
2383
0
0
2087
0
2141
2375
2072
0
2107
0
2137
3895
0
3891
0
2130
2225
3847
0
3843
0
2295
2149
2291
0
2363
0
2068
2385
2251
0
2215
0
2339
2217
2243
2126
2239
0
2235
2145
2231
0
2263
0
2315
2209
2259
2064
2223
0
2303
2205
2299
2379
2371
2347
2122
2201
2343
2335
2331
2327
2323
2197
2319
2311
2307
2287
2060
2357
2283
2279
2275
2271
2267
2353
2255
2118
2247
2159
2155
2349
2099
2095
0
0
0
2193
0
2056
0
0
0
2189
0
0
0
0
6210
0
0
0
2203
0
0
2107
0
0
2103
0
0
2099
0
0
2095
0
0
2112
2057
2395
0
0
2391
3874
0
2383
0
0
2091
0
0
2375
0
0
2087
0
2108
2053
3895
0
3891
0
3847
0
3843
3878
2139
0
2263
0
2363
0
2259
0
2151
2048
2133
2339
0
2251
0
2147
2385
2327
2130
2243
2197
2239
0
2315
2193
2235
0
2231
2072
2189
2223
0
2299
2185
2295
0
2291
2169
2126
2215
0
2225
2183
0
2179
2165
2175
2068
2143
2217
2379
2371
2347
2161
2343
2335
2331
2209
2122
2323
2319
2365
2311
2307
2303
2205
2064
2287
2283
2357
2279
2275
2271
2353
2267
2255
2247
2349
2118
2159
2155
2083
2079
0
0
6156
0
0
0
0
0
2187
0
0
0
0
0
2183
0
0
0
0
0
2179
0
0
2108
2053
0
2175
0
0
3874
0
0
2171
0
0
0
2367
0
0
2103
0
0
2099
0
2048
2133
2095
0
0
2091
0
2165
2395
3878
0
2391
0
2161
2383
0
0
2087
0
2141
2375
2072
0
2107
0
2137
3895
0
3891
0
2130
2225
3847
0
3843
0
2295
2149
2291
0
2363
0
2068
2385
2251
0
2215
0
2339
2217
2243
2126
2239
0
2327
2145
2235
0
2231
0
2315
2209
2263
2064
2259
0
2223
2205
2299
2379
2371
2347
2122
2201
2343
2335
2331
2323
2319
2197
2311
2307
2303
2287
2060
2357
2283
2279
2275
2271
2267
2353
2255
2118
2247
2159
2155
2349
2083
2079
0
0
0
2193
0
2056
0
0
0
2189
0
0
0
0
6210
0
0
0
2199
0
0
0
2195
0
0
2107
0
0
2103
0
0
2099
0
2112
2057
2095
0
0
2383
0
0
3874
2091
0
0
2375
0
0
2087
0
0
2083
2108
2053
2079
0
3895
0
3891
0
3847
0
3843
0
3878
2263
0
2259
0
2363
0
2048
2133
2151
0
2251
0
2339
0
2147
2385
2243
0
2130
2189
2327
0
2239
2185
2235
2072
2315
2169
2231
0
2223
2225
2303
0
2299
2393
2295
2126
2291
2389
2215
0
2183
2165
2068
2179
0
2217
2175
0
2143
2161
2139
2379
2371
2209
2122
2347
2343
2365
2335
2331
2323
2064
2205
2319
2311
2307
2357
2287
2283
2279
2353
2275
2271
2118
2349
2267
2255
2247
2201
2159
2060
6251
0
0
0
0
0
2147
0
0
0
0
0
2191
0
0
0
0
0
2187
0
0
2052
2109
0
2183
0
0
0
2395
3874
0
0
2391
0
0
0
2367
0
0
0
2195
0
2132
2049
2079
0
0
2107
0
0
2384
2103
0
0
3878
2099
2176
0
2383
0
0
2095
2172
0
2073
2375
0
0
2168
2091
0
0
2087
0
2164
2130
2083
0
3895
0
2160
3891
0
3847
0
2069
2140
3843
0
2291
0
2251
2224
2363
0
2215
2126
2243
2136
2339
0
2239
0
2235
2216
2327
2065
2231
0
2263
2148
2315
0
2259
0
2223
2208
2122
2303
0
2299
0
2204
2295
2379
2371
2347
2061
2356
2343
2335
2331
2323
2319
2352
2311
2307
2287
2118
2283
2348
2279
2275
2271
2267
2255
2200
2247
2057
2159
2155
0
2196
0
0
0
0
0
0
6210
0
0
0
0
0
0
0
0
0
0
0
0
0
0
0
0
0
0
0
0
0
0
0
0
0
0
0
0
0
0
0
0
0
0
0
0
0
0
0
0
0
0
0
0
0
0
0
0
0
0
0
0
0
0
0
0
0
0
