int
0
0
0
0
3621
0
0
0
0
2084
3589
2098
2093
3847
3656
2109
0
2105
0
3652
2145
2078
2061
3843
3592
2117
3649
3617
3585
3624
2141
2137
2133
2129
2125
2121
2113
2101
2081
2069
2065
2057
2053
2049
2090
6171
0
2107
0
2147
0
2063
3651
3619
3595
2084
2097
3846
3587
3620
2143
2139
2135
3652
2131
3656
2077
2116
3842
3624
2127
2092
2123
2108
2115
3588
2089
2103
2074
2083
2071
2067
2059
2055
6147
0
2107
0
2147
0
2063
3651
3619
3591
2084
2097
3846
3587
3656
2143
2139
2135
3624
2131
3652
2077
2116
3842
3620
2127
2092
2123
3592
2115
2108
2089
2103
2074
2083
2071
2067
2059
2055
6147
0
2107
0
2147
0
2063
3651
3627
3619
2084
2097
3846
3587
3588
2143
2139
2135
3652
2131
3656
2077
2116
3842
2092
2127
3620
2123
2108
2115
3592
2089
2103
2074
2083
2071
2067
2059
2055
6147
0
0
2066
0
0
2110
0
0
3586
2084
2097
2094
3847
2114
0
3652
3622
0
2062
3656
2077
3590
2052
2146
3843
2048
2102
3650
2116
3626
2089
3616
3594
2142
2138
2134
2130
2126
2122
2106
2082
2070
2058
6171
0
0
0
0
3587
3652
0
0
0
2077
2048
3846
2063
0
0
2052
2119
0
0
2089
3620
3842
2111
0
2115
3616
2095
0
2103
2085
3592
2074
2147
3651
3627
2064
3657
3591
2143
2139
2135
2098
2131
2127
2123
2107
2083
2071
6155
0
2107
0
2147
0
2063
3651
3623
3619
2084
2097
3846
3587
3656
2143
2139
2135
3592
2131
3652
2077
2116
3842
3624
2127
2092
2123
2108
2115
3588
2089
2103
2074
2083
2071
2067
2059
2055
6147
0
0
0
0
3587
3652
0
0
0
2077
2048
3846
2063
0
0
3624
2119
0
0
2089
2052
3842
2111
0
2115
3616
2095
0
2103
2085
2064
2074
2147
3651
3623
3588
3657
3595
2143
2139
2135
2098
2131
2127
2123
2107
2083
2071
6155
0
0
2066
0
0
2110
0
0
3586
2084
2097
2094
3847
3626
0
3656
2114
0
3594
3652
2077
2062
2052
2146
3843
2048
2102
3650
2116
3622
2089
3616
3590
2142
2138
2134
2130
2126
2122
2106
2082
2070
2058
6171
0
2107
0
2147
0
2063
3659
3651
3619
2084
2097
3846
3587
3620
2143
2139
2135
3588
2131
2116
2077
3652
3842
2092
2127
3624
2123
2108
2115
3592
2089
2103
2074
2083
2071
2067
2059
2055
6147
0
0
2105
0
0
2069
0
0
3585
2084
2098
2057
3847
2121
0
3620
3653
0
2061
3624
2101
2078
2116
3589
3843
2048
2145
0
3648
2093
3657
2108
3617
3593
2141
2137
2133
2129
2125
2113
2081
2065
2053
2090
6171
0
0
0
0
3586
3624
0
0
0
2077
2056
2062
3847
0
0
3652
2106
0
0
2089
3648
2118
3843
0
2110
2068
2094
0
2102
2085
3592
2122
2075
2146
3658
2048
3621
3618
3590
2142
2138
2134
2130
2126
2114
2082
2066
2054
6195
0
2095
2108
3659
3627
2104
3587
2143
3648
2077
3846
2064
2139
2135
2052
2131
2127
3616
2103
2089
2056
3842
2083
2116
2051
0
2068
0
2120
2085
3652
2074
2112
0
3620
3589
2060
0
2144
3593
0
6194
0
0
2103
0
3649
2135
0
3655
0
2076
2049
3846
2063
0
3623
2057
2095
0
3591
2088
3617
3842
2147
0
2123
2053
2115
3659
3627
2084
2069
2074
3595
2143
3584
2109
2139
2131
2127
2064
2117
2098
2107
6179
0
0
0
0
0
0
3620
2071
0
3845
2090
2119
0
3616
0
2111
0
0
2103
3841
3592
2086
2123
0
2135
0
2115
2056
2066
2073
2147
0
2095
3659
3584
3654
3627
3591
2143
2097
2139
2052
3650
2131
2127
2107
2083
0
2048
2077
6158
0
0
0
0
2056
2063
0
0
0
3652
2077
3846
2107
0
3648
2119
0
0
2111
3624
2089
3842
2115
0
2052
2095
0
2123
0
3616
2085
2074
2147
3659
2068
3623
3593
3587
2143
2064
2139
2098
3589
2135
2131
2127
2103
2083
6147
0
0
0
0
0
2055
2048
0
0
3845
2090
2119
0
3616
0
2111
0
0
2103
3841
2068
2086
2123
0
2135
0
2115
3588
2058
2073
2147
0
2095
3659
3584
3654
3623
3595
2143
2097
2139
2064
3650
2131
2127
2107
2083
0
2060
2077
7722
0
0
0
0
0
0
2060
2071
0
3845
2090
2119
0
3616
0
2111
0
0
2103
3841
3592
2086
2123
0
2135
0
2115
2056
2066
2073
2147
0
2095
3659
3584
3654
3623
3591
2143
2097
2139
2052
3650
2131
2127
2107
2083
0
2048
2077
7722
0
2107
0
2147
0
2063
3655
3651
3619
2084
2097
3846
3587
3592
2143
2139
2135
3624
2131
3656
2077
2116
3842
2092
2127
3620
2123
2108
2115
3588
2089
2103
2074
2083
2071
2067
2059
2055
6147
0
0
0
0
3586
3624
0
0
0
2077
3656
2062
3847
0
0
2056
2106
0
0
2089
3648
2118
3843
0
2110
2068
2094
0
2102
2085
2048
2122
2075
2146
3654
3588
3621
3618
3594
2142
2138
2134
2130
2126
2114
2082
2066
2054
6195
0
0
2105
0
0
2069
0
0
3585
2084
2098
2057
3847
3657
0
3624
2121
0
2061
3620
3593
2078
2116
2101
3843
2048
2145
0
3648
2093
3653
2108
3617
3589
2141
2137
2133
2129
2125
2113
2081
2065
2053
2090
6171
0
0
0
0
3656
2063
0
0
0
2056
2077
3846
2107
0
3648
2119
0
0
2111
2052
2089
3842
2115
0
3620
2095
0
2123
0
3616
2085
2074
2147
3655
2068
3627
3593
3587
2143
2064
2139
2098
3589
2135
2131
2127
2103
2083
6147
0
0
0
0
0
0
3620
2071
0
3845
2090
2119
0
3616
0
2111
0
0
2103
3841
2056
2086
2123
0
2135
0
2115
3588
3658
2073
2147
0
2095
3655
3584
2066
3627
3595
2143
2097
2139
2052
3650
2131
2127
2107
2083
0
2048
2077
6158
0
0
0
0
0
2055
3620
0
0
3845
2090
2119
0
3616
0
2111
0
0
2103
3841
3592
2086
2123
0
2135
0
2115
2068
3658
2073
2147
0
2095
3655
3584
2058
3627
3591
2143
2097
2139
2064
3650
2131
2127
2107
2083
0
2060
2077
6146
0
2095
2108
3655
3623
2104
3587
2143
3648
2077
3846
2064
2139
2135
2052
2131
2127
3616
2103
2089
2056
3842
2083
2116
2051
0
2068
0
3656
2085
2120
2074
3624
0
2112
3593
2060
0
2144
3589
0
6194
0
0
0
0
0
0
2060
2071
0
3845
2090
2119
0
3616
0
2111
0
0
2103
3841
2056
2086
2123
0
2135
0
2115
3588
3658
2073
2147
0
2095
3655
3584
2066
3623
3595
2143
2097
2139
2052
3650
2131
2127
2107
2083
0
2048
2077
7722
0
0
2103
0
3649
3659
0
2135
0
2076
2049
3846
3627
0
2063
2057
3595
0
2095
2088
3617
3842
2147
0
2123
2053
2115
3655
3623
2084
2069
2074
3591
2143
3584
2109
2139
2131
2127
2064
2117
2098
2107
6179
0
0
2103
0
3648
2123
0
2135
0
2048
2077
3846
2115
0
2056
2095
3659
3655
3627
3616
2089
3842
3623
3595
2052
3591
2147
2143
2139
2068
2085
2074
2131
2108
2127
3585
2107
2116
2083
2063
2065
6194
0
0
0
0
0
0
0
0
0
0
0
0
0
0
2088
2057
3626
3623
0
0
0
0
0
0
0
0
0
0
0
2084
2053
3846
0
0
3591
0
0
0
0
0
0
0
0
0
2080
2049
3842
0
0
0
2108
3659
0
0
0
0
2116
0
0
0
2097
2078
2104
0
0
0
2100
0
3655
0
2120
0
0
2112
0
2060
2093
2144
3648
3616
3584
2140
2136
2132
2128
2124
2068
2064
2074
7691
0
0
0
0
0
0
0
0
0
0
0
0
0
0
2092
2073
3658
3623
0
0
0
0
0
0
0
0
0
0
0
2088
2057
2086
0
0
3655
2116
0
0
0
0
0
2104
0
0
0
2053
3626
2108
0
3847
0
2100
0
0
0
2120
0
0
2112
0
3588
2049
2060
2082
2144
3648
3616
3592
3584
2140
2136
2132
2128
2124
2068
2064
2097
3843
6174
0
0
0
0
0
0
0
0
0
0
0
0
0
0
2092
2073
3654
3659
0
0
0
0
0
0
0
0
0
0
0
2088
2057
2086
0
0
3627
2116
0
0
0
0
0
2104
0
0
0
2053
3622
2108
0
3847
0
2100
0
0
0
2120
0
0
2112
0
2144
2049
2060
2082
3592
3648
3616
3588
3584
2140
2136
2132
2128
2124
2068
2064
2097
3843
6174
0
0
0
0
0
0
0
0
0
0
0
0
0
0
2092
3593
3658
3591
0
0
0
0
0
0
0
0
0
0
0
2088
2057
2086
0
0
3655
2116
0
0
0
0
0
2104
0
0
0
2053
2082
2108
0
3847
0
2100
0
0
0
2120
0
0
2112
0
2144
2049
2060
2078
3620
3648
3624
3616
3584
2140
2136
2132
2128
2124
2068
2064
2097
3843
6170
0
0
0
0
0
0
0
0
0
0
0
0
0
0
0
3584
2085
2074
3655
0
0
0
0
0
0
0
0
0
0
0
0
2056
2081
2054
3847
0
0
0
0
2117
0
0
0
0
0
0
2109
2096
0
3618
3843
2101
0
0
0
2113
0
0
0
2121
0
3589
0
2092
2145
2066
3621
3659
2061
3649
3625
3593
2141
2137
2133
2129
2125
2105
2069
2088
0
2050
0
6175
0
0
0
0
0
0
0
0
0
0
0
0
0
0
0
0
0
2092
3621
3846
2051
0
0
0
0
0
0
0
0
0
0
0
0
0
0
2088
3617
3842
2067
0
0
0
0
0
0
2119
0
0
0
0
0
0
2111
2084
3593
3658
0
2103
0
0
0
2115
0
0
0
2123
0
2147
3651
3627
3591
2080
2053
3654
2143
2139
2135
2131
2127
2107
2071
0
0
0
0
0
0
0
0
2076
3585
2062
0
0
0
0
0
0
0
0
0
0
0
0
0
0
0
2072
2097
6154
0
0
0
0
0
0
0
0
0
0
0
0
0
0
2092
3589
3654
3659
0
0
0
0
0
0
0
0
0
0
0
2088
2057
2086
0
0
3595
2116
0
0
0
0
0
2104
0
0
0
2053
2082
2108
0
3847
0
2100
0
0
0
2120
0
0
2112
0
2144
2049
3624
2078
2060
3648
3620
3616
3584
2140
2136
2132
2128
2124
2068
2064
2097
3843
6170
0
0
0
0
0
0
0
0
0
0
0
0
0
0
0
0
0
2092
2057
3846
2051
0
0
0
0
0
0
0
0
0
0
0
0
0
0
2088
3617
3842
2067
0
0
0
0
0
0
2119
0
0
0
0
0
0
2111
2084
2053
3658
0
2103
0
0
0
2115
0
0
0
2123
0
2147
3651
3623
3595
2080
3589
3654
2143
2139
2135
2131
2127
2107
2071
0
0
0
0
0
0
0
0
2076
3585
2062
0
0
0
0
0
0
0
0
0
0
0
0
0
0
0
2072
2097
7722
0
0
0
0
0
0
0
0
0
0
0
0
0
0
0
3584
2085
2074
3659
0
0
0
0
0
0
0
0
0
0
0
0
2056
2081
2054
3847
0
0
0
0
2117
0
0
0
0
0
0
2109
2096
0
3618
3843
2101
0
0
0
2113
0
0
0
2121
0
2061
0
2092
3625
2066
2145
3655
3593
3649
3621
3589
2141
2137
2133
2129
2125
2105
2069
2088
0
2050
0
6175
0
0
0
0
0
0
0
0
0
0
0
0
0
0
2092
3593
2086
3623
0
0
0
0
0
0
0
0
0
0
0
2088
2057
2082
0
0
3591
2116
0
0
0
0
0
2104
0
0
0
2053
2078
2108
0
3847
0
2100
0
0
0
2120
0
0
2112
0
2144
2049
3652
3626
2060
3656
3648
3616
3584
2140
2136
2132
2128
2124
2068
2064
2097
3843
6170
0
0
0
0
0
0
0
0
0
0
0
0
0
0
0
2084
3585
3650
3623
0
0
0
0
0
0
0
0
0
0
0
0
2080
2057
3626
3847
0
0
0
2116
0
0
0
0
0
0
2108
0
0
2097
2070
2100
3843
0
0
0
2104
0
0
0
0
2120
0
0
2112
2093
3588
2054
3652
2079
2144
0
2060
3656
3616
3592
2140
2136
2132
2128
2124
2064
2089
2050
0
6171
0
0
0
0
0
0
0
0
0
0
0
0
0
0
0
0
0
2092
3621
3846
2071
0
0
0
0
0
0
0
0
0
0
0
0
0
0
2088
2057
3842
2051
0
0
0
0
0
0
2119
0
0
0
0
0
0
2111
2084
3593
2062
0
0
2107
0
0
0
0
2103
0
0
0
0
2123
0
0
2080
2053
3654
2115
0
2147
3659
3619
3591
2143
2139
2135
2131
2127
2067
0
0
0
2076
3585
3650
0
0
0
0
0
0
0
0
0
0
0
0
0
0
0
2072
2097
7722
0
0
0
0
0
0
0
0
0
0
0
0
0
0
0
2096
3649
2074
3591
0
0
0
0
0
2118
0
0
0
0
0
0
2092
2049
2110
3847
0
0
0
0
2106
0
0
0
0
2122
0
0
2088
2057
2102
3843
0
0
2114
0
2062
0
3654
0
2146
0
3622
3658
2084
3617
3626
3586
2142
2138
2134
2130
2126
2071
0
0
0
0
0
0
2080
3593
0
0
0
0
0
0
0
2067
0
0
0
0
0
0
2076
6149
0
0
0
0
0
0
0
0
0
0
0
0
0
0
0
0
3584
2081
2066
3847
0
0
0
0
0
0
0
0
0
0
0
0
0
2096
2077
2050
3843
0
0
0
0
0
2109
0
0
0
0
0
0
0
2092
2117
3618
2075
0
0
0
2101
0
0
0
0
2121
0
0
0
2113
2088
2145
2058
3653
2071
2133
0
3621
0
2061
0
3589
3657
3625
3593
2141
2137
2084
2129
2125
2105
2054
7747
0
0
0
0
0
0
0
0
0
0
0
0
0
0
0
0
0
0
2088
3621
3846
2067
0
0
0
0
0
0
0
0
0
0
0
0
0
0
0
2084
3617
3842
2063
0
0
0
0
0
0
0
0
0
0
0
0
0
0
0
2080
3593
2058
3587
0
0
0
0
0
0
0
2119
0
0
0
0
0
0
0
2076
2049
3654
2111
0
0
0
0
0
2103
0
0
0
0
2123
0
0
0
2115
2072
2097
3650
2135
0
2147
3659
3627
3591
2143
2139
2131
2127
2107
0
0
0
0
0
2068
2093
6150
0
0
0
0
0
0
0
0
0
0
0
0
0
0
0
0
0
2088
2049
3846
2067
0
0
0
0
0
0
0
0
0
0
0
0
0
0
2084
3617
3842
2063
0
0
0
0
0
0
0
0
0
0
0
0
0
0
2080
3593
2054
2059
0
0
0
0
0
0
2111
0
0
0
0
0
0
2119
2076
3589
3654
0
0
0
2107
0
0
0
0
2123
0
0
0
2103
0
0
2072
2097
3650
2115
0
2147
3659
3623
3587
2143
2139
2135
2131
2127
0
0
0
0
2068
2093
7722
0
0
0
0
0
0
0
0
0
0
0
0
0
0
0
0
0
0
2088
2049
3846
2067
0
0
0
0
0
0
0
0
0
0
0
0
0
0
0
2084
3617
3842
2063
0
0
0
0
0
0
0
0
0
0
0
0
0
0
0
2080
2097
2054
2059
0
0
0
0
0
0
0
2119
0
0
0
0
0
0
0
2076
3589
3654
2111
0
0
0
0
0
2103
0
0
0
0
2123
0
0
0
2115
2072
3585
3650
2135
0
2147
3659
3623
3595
2143
2139
2131
2127
2107
0
0
0
0
0
2068
2093
7722
0
0
0
0
0
0
0
0
0
0
0
0
0
0
0
0
0
0
2088
2049
3846
2067
0
0
0
0
0
0
0
0
0
0
0
0
0
0
0
2084
3617
3842
2063
0
0
0
0
0
0
0
0
0
0
0
0
0
0
0
2080
3593
2054
2059
0
0
0
0
0
0
0
2119
0
0
0
0
0
0
0
2076
2097
3654
2111
0
0
0
0
0
2103
0
0
0
0
2123
0
0
0
2115
2072
3585
3650
2135
0
2147
3659
3623
3591
2143
2139
2131
2127
2107
0
0
0
0
0
2068
2093
7722
0
0
0
0
0
0
0
0
0
0
0
0
0
0
2092
3589
2086
3595
0
0
0
0
0
0
0
0
0
0
0
2088
2057
2082
0
0
3627
2116
0
0
0
0
0
2104
0
0
0
2053
2078
2108
0
3847
0
2100
0
0
0
2120
0
0
2112
0
3656
2049
2144
3622
2060
3652
3648
3616
3584
2140
2136
2132
2128
2124
2068
2064
2097
3843
6170
0
0
0
0
0
0
0
0
0
0
0
0
0
0
0
0
0
2092
3621
3846
2071
0
0
0
0
0
0
0
0
0
0
0
0
0
0
2088
2057
3842
2051
0
0
0
0
0
0
2119
0
0
0
0
0
0
2111
2084
2053
3658
0
0
2107
0
0
0
0
2103
0
0
0
0
2123
0
0
2080
3589
2062
2115
0
2147
3655
3619
3595
2143
2139
2135
2131
2127
2067
0
0
0
2076
3585
3650
0
0
0
0
0
0
0
0
0
0
0
0
0
0
0
2072
2097
7722
0
0
0
0
0
0
0
0
0
0
0
0
0
0
0
2084
3585
3650
3627
0
0
0
0
0
0
0
0
0
0
0
0
2080
2057
3622
3847
0
0
0
2116
0
0
0
0
0
0
2108
0
0
2097
2070
2100
3843
0
0
0
2104
0
0
0
0
2120
0
0
2112
2093
3656
2054
2060
2079
2144
0
3592
3652
3616
3588
2140
2136
2132
2128
2124
2064
2089
2050
0
6171
0
0
0
0
0
0
0
0
0
0
0
0
0
0
0
0
0
2088
3621
3846
2067
0
0
0
0
0
0
0
0
0
0
0
0
0
0
2084
3617
3842
2063
0
0
0
0
0
0
0
0
0
0
0
0
0
0
2080
3593
3658
2059
0
0
0
0
0
0
2111
0
0
0
0
0
0
2119
2076
3589
2054
0
0
0
2107
0
0
0
0
2123
0
0
0
2103
0
0
2072
2097
3650
2115
0
2147
3655
3627
3587
2143
2139
2135
2131
2127
0
0
0
0
2068
2093
6146
0
0
0
0
0
0
0
0
0
0
0
0
0
0
0
0
0
0
2088
3621
3846
2067
0
0
0
0
0
0
0
0
0
0
0
0
0
0
0
2084
3617
3842
2063
0
0
0
0
0
0
0
0
0
0
0
0
0
0
0
2080
2097
3658
2059
0
0
0
0
0
0
0
2119
0
0
0
0
0
0
0
2076
3589
2054
2111
0
0
0
0
0
2103
0
0
0
0
2123
0
0
0
2115
2072
3585
3650
2135
0
2147
3655
3627
3595
2143
2139
2131
2127
2107
0
0
0
0
0
2068
2093
6146
0
0
0
0
0
0
0
0
0
0
0
0
0
0
0
0
0
0
2088
3621
3846
2067
0
0
0
0
0
0
0
0
0
0
0
0
0
0
0
2084
3617
3842
2063
0
0
0
0
0
0
0
0
0
0
0
0
0
0
0
2080
3593
3658
2059
0
0
0
0
0
0
0
2119
0
0
0
0
0
0
0
2076
2097
2054
2111
0
0
0
0
0
2103
0
0
0
0
2123
0
0
0
2115
2072
3585
3650
2135
0
2147
3655
3627
3591
2143
2139
2131
2127
2107
0
0
0
0
0
2068
2093
6146
0
0
0
0
0
0
0
0
0
0
0
0
0
0
0
2096
3649
2074
3595
0
0
0
0
0
2118
0
0
0
0
0
0
2092
2049
2110
3847
0
0
0
0
2106
0
0
0
0
2122
0
0
2088
2057
2102
3843
0
0
2114
0
3658
0
2062
0
3626
0
2146
3654
2084
3617
3622
3586
2142
2138
2134
2130
2126
2071
0
0
0
0
0
0
2080
3589
0
0
0
0
0
0
0
2067
0
0
0
0
0
0
2076
6149
0
0
0
0
0
0
0
0
0
0
0
0
0
0
0
0
0
0
2088
2053
3846
2067
0
0
0
0
0
0
0
0
0
0
0
0
0
0
0
2084
3617
3842
2063
0
0
0
0
0
0
0
0
0
0
0
0
0
0
0
2080
2049
3658
3587
0
0
0
0
0
0
0
2119
0
0
0
0
0
0
0
2076
3589
2058
2111
0
0
0
0
0
2103
0
0
0
0
2123
0
0
0
2115
2072
2097
3650
2135
0
2147
3655
3623
3595
2143
2139
2131
2127
2107
0
0
0
0
0
2068
2093
7722
0
0
0
0
0
0
0
0
0
0
0
0
0
0
0
0
3584
2081
2066
3847
0
0
0
0
0
0
0
0
0
0
0
0
0
2096
2077
2050
3843
0
0
0
0
0
2109
0
0
0
0
0
0
0
2092
2117
3618
2075
0
0
0
2101
0
0
0
0
2121
0
0
0
2113
2088
3657
2058
2145
2071
3625
0
2133
0
3593
0
2061
3653
3621
3589
2141
2137
2084
2129
2125
2105
2054
7747
0
0
0
0
0
0
0
0
0
0
0
0
0
0
0
0
3584
2065
2082
3847
0
0
0
0
0
0
0
0
0
0
0
0
0
2096
2049
2078
3843
0
0
0
0
0
0
2110
0
0
0
0
0
0
2092
3617
2118
2075
0
0
0
0
2102
0
0
0
0
2122
0
0
0
2088
2057
2114
2071
2134
3658
3654
3626
3622
3594
3590
2146
2142
2138
2130
2126
2106
2084
2053
2062
7747
0
0
0
0
0
0
0
0
0
0
0
0
0
0
0
0
0
0
0
0
0
0
0
0
0
0
0
0
0
0
0
0
0
0
0
0
0
0
0
0
0
0
0
0
0
0
0
0
0
0
0
0
0
0
0
0
0
0
0
0
0
0
0
0
0
0
0
0
0
0
0
0
0
0
0
0
0
0
0
0
0
0
0
0
0
0
0
0
0
0
0
0
0
0
0
0
0
0
0
0
0
0
0
0
